Car -1.00 -1 -2.1097244 849.7781372 194.8574982 1526.2862549 563.9636230 1.4041959 1.5675496 3.8934717 2.9837060 1.6013123 4.8188195 -1.5553228 0.8206637 
Car -1.00 -1 -1.8445985 710.3297119 152.9619751 900.6412354 289.0211792 1.8332709 1.7852658 4.3292289 2.9949217 1.5511937 11.9768715 -1.5995646 0.8496180 
Car -1.00 -1 0.5382119 -454.1074829 204.9428558 273.2593994 425.1378479 1.4766104 1.6341903 4.2948666 -5.1463890 1.7784015 5.6755795 -0.1983255 0.7180604 
Car -1.00 -1 -1.7056561 635.2153320 175.7179871 678.5764771 209.7693024 1.5052748 1.5685490 3.5611572 2.2125199 1.6656929 34.4163704 -1.6414576 0.7257640 
Car -1.00 -1 0.4728635 -112.6714401 183.9630127 333.0543823 330.0437317 1.5273690 1.6261766 4.0187392 -5.6294303 1.7144739 8.3948984 -0.1178418 0.6245504 
Car -1.00 -1 3.4971296 104.0191727 176.5061646 437.8051758 285.6461792 1.4866939 1.6174150 4.2751050 -4.8962612 1.5952777 10.7059507 3.0681884 0.6763923 
Car -1.00 -1 -1.7029274 676.3676147 175.6970673 741.7438354 226.8663330 1.4786869 1.5658679 3.7881982 3.3462245 1.6460564 24.4949875 -1.5671593 0.6894272 
Car -1.00 -1 3.3943955 296.3093567 179.7926331 484.7732849 243.3128357 1.4731127 1.6430289 4.1180854 -5.3316622 1.7017334 17.8805733 3.1046076 0.5986208 
Car -1.00 -1 -1.6697021 617.3818970 173.8705750 656.2778931 205.5211029 1.4967983 1.6079446 3.7674942 1.4919665 1.6289108 39.6193314 -1.6320623 0.4282276 
Car -1.00 -1 3.2641685 416.8843384 170.2908783 523.8309937 213.4214783 1.7530695 1.6475707 3.7789299 -5.8539376 1.6676475 30.4749298 3.0743899 0.3508565 
