Car -1.00 -1 -1.8883812 768.5385742 189.0087128 1015.4028931 345.9758911 1.4117812 1.5612468 3.8287170 3.1352985 1.6439983 8.8368177 -1.5474371 0.8873139 
Car -1.00 -1 -2.3181180 940.8695068 179.6267242 2827.2546387 1157.0947266 1.4571314 1.6131525 3.8923972 3.0687869 1.6130556 2.9834826 -1.5186262 0.7740721 
Car -1.00 -1 0.6000809 -55.5149460 172.1991577 439.7949829 343.5095520 1.5582378 1.6346354 4.0953822 -4.2768579 1.6062366 7.6229858 0.0887954 0.7702053 
Car -1.00 -1 -1.7362953 716.5294800 178.8474274 833.0621338 271.1182861 1.4964706 1.5888703 3.5909522 3.2719316 1.7001463 14.5685778 -1.5153728 0.8424903 
Car -1.00 -1 -1.7257200 669.6784058 176.6895752 749.8008423 239.5393372 1.5642601 1.6281846 3.7799101 2.9497433 1.7512434 21.5316277 -1.5895717 0.8012982 
Car -1.00 -1 0.8205697 -431.2577820 173.2936859 291.1956177 459.6593933 1.5999038 1.6040725 3.5861845 -4.4223204 1.6355906 4.9301620 0.0894185 0.6818418 
Car -1.00 -1 0.3960678 384.4536438 173.1873627 537.6206665 227.9045715 1.5790673 1.6765357 4.2364669 -4.6784191 1.6604134 23.0395508 0.1957314 0.6369632 
Car -1.00 -1 -1.6287802 653.0310669 179.7293091 694.0868530 215.0560608 1.4502703 1.5796568 3.7028408 2.9688678 1.8169263 33.5921974 -1.5406295 0.6072959 
Car -1.00 -1 0.4372716 448.4491272 172.6499023 556.5083618 214.6574860 1.5775747 1.6528522 4.2862411 -4.3658299 1.6557006 29.8048534 0.2918255 0.4274788 
Car -1.00 -1 -1.6112795 641.8676147 178.5354309 672.1757812 206.0813599 1.4940149 1.6140563 3.9276397 2.8735776 1.8889121 43.9138870 -1.5459360 0.4298767 
Car -1.00 -1 -2.7816703 505.2342834 174.8602905 573.9165649 205.1173096 1.6082354 1.6016133 3.6937056 -3.8752503 1.7546118 40.2551956 -2.8776417 0.2647281 
