Car -1.00 -1 -1.8694540 736.9910889 194.5290222 997.6969604 368.7164001 1.4206725 1.6283802 3.8991499 2.6195421 1.6991290 8.3560791 -1.5656680 0.8764167 
Car -1.00 -1 2.1912230 48.4867477 192.3147278 191.3814545 249.1929169 1.4310614 1.5706068 4.0792627 -14.7668295 2.0821679 22.0967999 1.6021049 0.7512001 
Car -1.00 -1 -1.6848447 703.4092407 188.9680481 816.6244507 284.0308533 1.3969833 1.5442809 3.7243361 2.7184963 1.7756951 13.5510273 -1.4868609 0.8553620 
Car -1.00 -1 -2.2897121 903.4342651 197.0414734 2732.6943359 1165.2556152 1.4164518 1.5654848 3.8000510 2.7208614 1.6266262 2.8894897 -1.5343615 0.7603910 
Car -1.00 -1 -1.5873150 575.5848389 175.1263733 636.6300049 232.8224487 1.5791256 1.6669313 3.5719593 -0.1162800 1.6706884 21.6481724 -1.5926863 0.8068190 
Car -1.00 -1 -1.6990821 668.0369263 181.0567017 744.0748291 241.4929199 1.4699134 1.5543351 3.7572172 2.7375898 1.7647066 20.8154488 -1.5683154 0.7189217 
Car -1.00 -1 -1.6110597 640.4288940 176.7476959 678.5490112 211.8334045 1.4725232 1.5436599 3.8223987 2.2764215 1.6754606 33.2548752 -1.5427126 0.6386437 
Car -1.00 -1 -1.6620615 664.0410156 177.9954376 719.0166626 226.6140289 1.5357476 1.5113873 3.6099212 2.8582668 1.7461295 25.5126820 -1.5504936 0.5489822 
Car -1.00 -1 1.8565858 367.1007385 179.2993011 411.4505615 205.0556030 1.5070257 1.6585552 4.0181212 -13.9941826 1.9594033 46.0403671 1.5615048 0.4357478 
Car -1.00 -1 1.8151883 410.3099060 176.1378632 447.6318054 198.9812164 1.5533836 1.7209901 4.1574168 -13.0472727 1.8189969 52.4952545 1.5715824 0.3583427 
