Car -1.00 -1 -1.8599432 726.0336304 181.1678467 935.9837036 326.7024536 1.5010806 1.6068962 3.6034360 2.6852586 1.6409590 9.5816946 -1.5867038 0.8971072 
Car -1.00 -1 -2.1601192 862.1157837 200.3080139 1737.0389404 672.2408447 1.4333761 1.6048079 3.7905080 2.9190614 1.6618556 4.2217722 -1.5551679 0.8167893 
Car -1.00 -1 1.7374636 445.3246765 180.1731415 527.0023804 244.7068176 1.5184674 1.5976336 3.7099125 -3.2680490 1.7614706 19.8323898 1.5741478 0.8695665 
Car -1.00 -1 -1.7256118 673.4795532 170.9620514 788.7472534 265.9414062 1.5713937 1.6515336 3.8152664 2.4837523 1.6450977 15.1445389 -1.5630558 0.8435342 
Car -1.00 -1 3.5201939 146.1291046 186.9261932 371.4014282 265.6814270 1.4742525 1.6002913 3.7592552 -6.9821000 1.7850072 14.6534634 3.0755377 0.7773254 
Car -1.00 -1 0.8983089 -444.4114685 208.9991455 198.3379059 441.0016785 1.4208840 1.5637416 3.9085736 -5.6723332 1.7464891 5.7627668 0.1208190 0.6277814 
Car -1.00 -1 3.5172951 220.8490601 170.0585327 419.2071533 248.5418549 1.8004680 1.6979735 4.0937223 -6.9807587 1.7679492 17.5822105 3.1393471 0.6352367 
Car -1.00 -1 -1.6321488 663.7337646 175.8087921 731.2849121 238.6009216 1.4679377 1.5734487 3.4436579 2.4411225 1.6311202 20.2637463 -1.5122590 0.6494967 
Car -1.00 -1 -1.6462012 638.7692261 173.7949982 695.0970459 222.4895630 1.4844087 1.6127956 3.5569730 2.0696013 1.5946607 26.0672760 -1.5669727 0.5807804 
Car -1.00 -1 -1.6341874 630.4964600 172.6565247 678.2425537 213.7740479 1.5580209 1.6128541 3.6082342 1.9572841 1.6169133 31.3626785 -1.5718602 0.4059272 
