Car -1.00 -1 -1.2476510 6.2870803 193.1647339 222.5332947 318.5867615 1.4828082 1.7147582 4.0937924 -7.5065541 1.8734290 11.4835720 -1.8266072 0.8312992 
Car -1.00 -1 2.0947470 660.1174927 177.6375275 799.1321411 239.8317871 1.5429316 1.6256546 4.2558417 3.4357722 1.7292439 19.9555798 2.2652464 0.7527577 
Car -1.00 -1 -1.6661389 265.6716003 181.6245270 336.9874573 239.0201874 1.5345370 1.6796981 3.9093511 -9.2941532 1.8242257 21.5908127 -2.0726318 0.8275445 
Car -1.00 -1 1.4591656 850.8479004 176.6347351 952.2770386 254.6660156 1.5324992 1.6210742 3.8326921 6.5198321 1.6576631 16.3602448 1.8383927 0.8136888 
Car -1.00 -1 2.0347046 609.9486084 176.3150635 715.4118652 232.8445435 1.5734612 1.5694724 3.7481444 1.8539915 1.7882878 23.4615536 2.1135633 0.5984913 
Car -1.00 -1 2.0247517 583.2899170 176.8800964 675.6075439 225.6895905 1.5539200 1.5946349 3.7931836 0.8614469 1.7934836 26.6426201 2.0570738 0.4273845 
Car -1.00 -1 2.0898667 961.0233765 181.2163391 1072.0489502 225.7133331 1.4532483 1.6535665 4.2205782 14.7618504 1.8023310 25.9613647 2.6068842 0.4028439 
Car -1.00 -1 2.9208744 435.7526855 176.0189667 522.3865356 210.7181549 1.5943803 1.6487051 3.9607530 -6.4943161 1.8110303 35.8285179 2.7415602 0.3107020 
Car -1.00 -1 2.1438321 526.4038086 176.0355988 622.8056030 223.2340851 1.5984719 1.6287513 3.8911955 -1.2452344 1.8387550 28.3481541 2.0999339 0.3365866 
Car -1.00 -1 2.1302529 1024.7341309 177.5611115 1146.0231934 226.1049042 1.4953244 1.6985768 3.9703419 16.6429558 1.7392723 25.0487003 2.7167013 0.2459062 
