Car -1.00 -1 3.7136504 -198.3860931 185.6891479 368.0736389 384.6371765 1.5328348 1.6528924 4.0314293 -4.4983506 1.7044601 6.5804090 3.1140180 0.8220552 
Car -1.00 -1 -1.9600715 775.2631226 178.8996429 1104.4671631 389.4339294 1.4767911 1.5531543 3.7499871 2.9192386 1.5889729 7.2745776 -1.5784508 0.8679845 
Car -1.00 -1 -1.8261613 720.0795898 174.7475281 863.0202026 280.3706360 1.4901166 1.5483043 3.4130766 3.1351473 1.6085705 12.8627663 -1.5870848 0.8676196 
Car -1.00 -1 -1.6772734 680.6665649 174.3711853 768.7149048 249.0706024 1.4886578 1.5556182 3.9395654 2.7575865 1.6079149 17.7345905 -1.5230167 0.8261629 
Car -1.00 -1 -2.7183676 165.3448944 179.1585388 445.7645264 278.5574036 1.4870226 1.6035390 3.6867630 -4.7030506 1.6507584 11.5085821 -3.1063137 0.6349701 
Car -1.00 -1 -1.6422421 662.1649780 165.8036194 719.4428711 218.9240265 1.6887895 1.6073257 3.5977771 3.0311038 1.5114655 26.8346291 -1.5297639 0.6707179 
Car -1.00 -1 -1.6352310 648.4126587 172.1605072 688.4409790 205.9104767 1.4463484 1.6154984 3.9577005 2.9583743 1.4927108 36.3492546 -1.5540226 0.5948298 
Car -1.00 -1 -2.4301960 1004.9560547 171.4260559 3964.4875488 1655.2651367 1.5394344 1.5821364 3.5447822 2.9439940 1.6307662 2.0750277 -1.4733627 0.4351470 
Car -1.00 -1 -2.7426369 271.6690674 168.2104950 500.6687622 260.0661011 1.7310141 1.6686884 3.8023975 -4.3090568 1.6765743 14.2692585 -3.0359108 0.4687547 
Car -1.00 -1 -2.9256696 484.7552490 166.1589508 562.1937256 201.1494293 1.7648304 1.5974460 3.5887506 -4.5536003 1.4393964 38.2312813 -3.0442178 0.3481606 
