Car -1.00 -1 -2.3949099 -301.9629211 180.0193939 238.8142548 370.4381409 1.5274256 1.6135308 3.9864328 -5.9428844 1.6743209 6.9738889 -3.1006579 0.8296107 
Car -1.00 -1 -1.9907134 790.7832642 200.0408478 1127.9477539 408.0429688 1.4550420 1.5706856 3.5506513 3.0224109 1.7626067 7.1499786 -1.5907788 0.8613173 
Car -1.00 -1 -1.8630875 704.5928345 184.2714996 867.7311401 294.9593811 1.4711050 1.5741266 3.6524599 2.8250995 1.7269818 12.2154646 -1.6358110 0.8731828 
Car -1.00 -1 1.4617726 513.2111206 170.9837646 544.0673218 197.4352570 1.6101596 1.6325090 3.6811123 -5.3152165 1.5196789 46.9708290 1.3490920 0.5676670 
Car -1.00 -1 -2.5927132 -6.8202887 171.7622375 357.3711243 291.0440063 1.5016545 1.6292046 4.1753492 -5.9369698 1.5627076 10.0846138 -3.1247940 0.5169006 
Car -1.00 -1 -2.7323837 281.3829346 176.3567810 437.2179871 230.7311096 1.4629298 1.5931400 4.0341167 -7.1902885 1.6253176 20.9378319 -3.0631769 0.4284894 
Car -1.00 -1 -2.6822968 217.3667297 164.8492432 399.1564026 249.5843353 1.6781789 1.5964442 3.5984824 -6.4367719 1.5795994 15.5459633 -3.0748544 0.3670410 
Car -1.00 -1 3.3716284 374.0748291 172.2502441 472.0297852 213.8121948 1.6695392 1.6344129 3.6415153 -7.6217847 1.6750968 29.7612324 3.1209190 0.2966117 
Car -1.00 -1 3.3210663 386.3453979 172.6539764 477.9539795 212.4262695 1.6432629 1.6506536 3.7187560 -7.5197258 1.6907423 30.8988781 3.0823414 0.3036871 
Car -1.00 -1 0.0320674 409.4761658 172.1297607 495.4680786 206.4013672 1.6100684 1.6549633 3.8779640 -7.6503344 1.6005782 35.4106293 -0.1807086 0.2994219 
