Car -1.00 -1 -2.0273016 818.5047607 190.8462830 1446.8239746 561.6358643 1.4538770 1.6199925 4.1315422 2.7624614 1.6402620 4.9798813 -1.5208385 0.8392141 
Car -1.00 -1 0.7788807 -295.2000427 198.3193359 246.8156891 383.3924561 1.4779812 1.5786381 3.7897851 -5.8788595 1.7735671 6.9397678 0.0760573 0.8121111 
Car -1.00 -1 -1.8153973 712.8016357 179.7091370 892.2671509 309.1026001 1.4809939 1.5774119 3.5815046 2.6371257 1.6326898 10.5821533 -1.5711670 0.8898204 
Car -1.00 -1 1.7399633 456.1308289 179.3044128 532.8899536 237.2155457 1.4926249 1.6278567 3.7900078 -3.3449364 1.7299352 21.6396141 1.5866023 0.8556967 
Car -1.00 -1 -1.7072511 671.5792847 171.9090729 774.1988525 258.0152283 1.5450954 1.6440784 3.7658148 2.4860032 1.6297828 16.2414627 -1.5553647 0.8527008 
Car -1.00 -1 3.5438691 173.1938477 180.6132355 390.0355835 257.2049255 1.5229715 1.6210183 3.7633209 -6.8273211 1.7021212 15.3420000 3.1251738 0.6783211 
Car -1.00 -1 -1.6472409 657.3837280 174.0121307 724.1542358 233.8977661 1.4835610 1.5960099 3.5432532 2.3989325 1.6080595 21.5272427 -1.5362617 0.7085053 
Car -1.00 -1 -1.6353500 636.2558594 173.7331238 689.3775635 221.1933441 1.5082283 1.6188914 3.7004848 2.0171454 1.6247283 27.3007851 -1.5615981 0.5955652 
Car -1.00 -1 -2.7663349 242.0783997 172.1533508 425.0212708 244.0217590 1.7283658 1.6783071 3.9125988 -6.8813968 1.7257208 18.3141594 -3.1257558 0.4302395 
Car -1.00 -1 0.9243175 407.4177246 175.6894379 496.8208618 218.0345612 1.5852914 1.6305552 4.0497718 -6.6205935 1.7812974 30.2396240 0.7087807 0.2367116 
