Car -1.00 -1 2.0891104 -92.6329193 180.8657532 166.4613953 304.1803589 1.4824489 1.6356750 4.2872267 -9.3493052 1.7333974 12.2802696 1.4383991 0.8419796 
Car -1.00 -1 1.9265676 122.3156204 179.5819244 260.5722961 256.5529175 1.3665330 1.6225711 3.8970530 -9.7868290 1.6555104 17.2075005 1.4094403 0.8602440 
Car -1.00 -1 -0.9099741 826.2462769 169.9493713 961.8644409 224.4877930 1.4249598 1.6013755 4.3000970 9.0645323 1.4186752 22.8183117 -0.5318422 0.7413852 
Car -1.00 -1 -1.6623382 503.3575439 174.7824554 569.7214355 236.2828522 1.5837883 1.6236191 3.3640661 -2.1495903 1.6595257 20.5694771 -1.7664641 0.7881398 
Car -1.00 -1 1.8545181 211.3787994 159.8117676 315.5763245 231.5126801 1.8257484 1.7405074 4.1800828 -10.8140736 1.5370572 22.7294559 1.4104388 0.7195155 
Car -1.00 -1 1.8012410 273.5141907 172.2340393 339.6246338 215.6428986 1.3984616 1.5548751 3.6880994 -11.8916922 1.4748753 28.4619808 1.4054763 0.4761829 
Car -1.00 -1 -1.5959309 479.5415344 170.0696564 519.3112183 207.8039246 1.5309412 1.6091894 3.7965548 -5.1524696 1.4772145 33.8649521 -1.7469205 0.4670190 
Car -1.00 -1 -1.6067114 489.7117920 173.7637177 537.7139893 217.2826080 1.4420999 1.5616944 3.8902516 -3.7729421 1.5643674 28.4067535 -1.7387570 0.3951872 
Car -1.00 -1 -1.6155067 493.8062744 173.2473602 543.8324585 220.4826965 1.4745340 1.5732007 3.6843503 -3.2993159 1.5500442 26.0457230 -1.7415096 0.3493559 
Car -1.00 -1 1.7146820 355.2043762 167.2110596 390.7577515 195.8462219 1.6924727 1.5928775 3.5995970 -14.8035002 1.3765778 45.2260132 1.3983507 0.3872526 
