Car -1.00 -1 -1.8813647 714.8948364 180.7461548 922.3106079 312.8708496 1.5475703 1.6230215 4.1285396 2.8369126 1.6800845 10.7486038 -1.6233160 0.8990993 
Car -1.00 -1 0.4067642 140.8927155 172.9425659 452.2998962 282.6264038 1.6027933 1.7010303 4.3755178 -5.1482282 1.6662917 12.1609030 0.0062983 0.8262392 
Car -1.00 -1 -2.2477154 922.8522339 186.9062042 2241.1672363 882.1317749 1.4696383 1.5894140 3.5882039 3.0825379 1.6276422 3.4587235 -1.5197636 0.7758461 
Car -1.00 -1 0.4804600 322.3516846 167.7816162 515.5083618 245.2566376 1.6517272 1.6437390 4.0415239 -4.5466924 1.6186864 17.3981152 0.2248443 0.7556743 
Car -1.00 -1 -1.6973901 691.3445435 175.0013428 779.4013672 251.9180298 1.5666858 1.5425577 3.4149389 2.9760578 1.6805004 17.3896370 -1.5278925 0.7941985 
Car -1.00 -1 -1.6646315 658.8946533 177.3682556 726.0496826 234.0168762 1.4902149 1.5955213 3.7768929 2.6372678 1.7235044 23.0855103 -1.5508856 0.6862842 
Car -1.00 -1 -1.6100125 643.6642456 177.4794312 683.5769043 215.5698242 1.5039413 1.5945982 3.8200576 2.5018075 1.7889824 33.3232689 -1.5350761 0.5867546 
Car -1.00 -1 -2.7722417 386.0166931 177.8382568 535.2718506 228.9439545 1.4718313 1.5861850 4.1230636 -4.6060877 1.7095677 22.6114235 -2.9731984 0.5769958 
Car -1.00 -1 -1.6131234 639.5661621 174.3761139 673.4252319 205.6184998 1.6921580 1.6562073 4.0091486 2.7969718 1.8131097 42.9247589 -1.5480555 0.3687263 
Car -1.00 -1 -2.7883259 454.8752136 174.8085632 547.9900513 217.5553284 1.6846308 1.6164335 3.4041128 -4.3888769 1.7844339 29.4408989 -2.9363103 0.3818308 
