Car -1.00 -1 -1.3028525 232.8828430 192.6603241 374.7402954 282.8508911 1.4855635 1.6579108 3.8207765 -5.9315205 1.9251831 14.5279827 -1.6904784 0.8732856 
Car -1.00 -1 1.8823010 931.4389038 180.1875153 1059.8645020 262.2222595 1.4438622 1.7250061 4.1238403 7.9875450 1.6931391 14.8243504 2.3765144 0.7337196 
Car -1.00 -1 2.0771879 -34.4139290 204.9755249 111.0106430 269.5904541 1.3966962 1.6402861 3.7807987 -15.6414700 2.4044791 20.0758572 1.4153099 0.7187581 
Car -1.00 -1 1.9573776 94.3597260 196.4649658 187.6372070 245.2954407 1.5938714 1.7056720 4.0481706 -17.8309269 2.5748708 27.6854458 1.3851936 0.7700382 
Car -1.00 -1 2.0340390 815.5228882 175.9923248 956.1098633 248.5707397 1.5672461 1.5824972 3.8933733 7.1401954 1.7389756 18.2421265 2.4071205 0.7114520 
Car -1.00 -1 -1.5937563 416.8736877 181.9397736 467.7406311 229.4478149 1.5884247 1.6908671 3.5372741 -6.0992174 1.9339707 26.1975060 -1.8224982 0.8067135 
Car -1.00 -1 2.0742222 708.2174683 174.1443481 818.3923340 233.0148468 1.5929469 1.5414276 3.8787363 5.0505099 1.7539604 23.1080513 2.2893991 0.6119589 
Car -1.00 -1 0.0001407 598.1658325 174.7344513 691.2397461 213.0584564 1.6263264 1.6593442 4.0096259 1.5708038 1.7516215 32.4491768 0.0485111 0.3756504 
Car -1.00 -1 1.8982367 162.4136353 201.8174591 213.5833435 227.8205566 1.3520571 1.6257743 3.9919035 -25.1283932 3.1478291 43.1766701 1.3711650 0.4092560 
Car -1.00 -1 2.2047963 669.2561646 175.9875031 777.3951416 225.2282104 1.5411639 1.5897279 3.9413264 4.2511401 1.7631424 26.2150726 2.3655608 0.3411394 
