Car -1.00 -1 -1.7862554 704.4473267 180.5063324 838.1862793 272.3555908 1.4506917 1.5684652 3.6990240 2.8729956 1.6192596 13.5417862 -1.5771974 0.8793592 
Car -1.00 -1 -1.9125452 792.7559814 206.1402893 1189.2246094 449.6006165 1.3759736 1.6208893 4.0893035 2.9658995 1.7360780 6.6289873 -1.4918442 0.8294520 
Car -1.00 -1 -1.5902055 573.8423462 169.5015564 640.5896606 232.2873230 1.5880864 1.6851368 3.5391314 -0.0780558 1.5303702 20.4578972 -1.5940210 0.8526207 
Car -1.00 -1 -1.6813070 684.4583130 175.3626709 762.3850708 242.1635132 1.4581074 1.5239232 3.3436294 2.8999643 1.5883541 18.6130219 -1.5267466 0.7945626 
Car -1.00 -1 1.8489577 385.6735229 171.2434845 430.1928101 197.4767456 1.5164762 1.6471784 4.1774921 -12.5756254 1.4496866 45.3406677 1.5784000 0.6535152 
Car -1.00 -1 -1.6415554 649.7557373 172.8750153 698.9807129 216.8593750 1.4629284 1.5537752 3.7320626 2.3390441 1.4960935 26.6914711 -1.5541461 0.7187887 
Car -1.00 -1 1.9664555 273.3345337 179.6225281 339.4341125 212.2267151 1.3992050 1.6041443 3.9310012 -14.5398674 1.7762856 34.9161682 1.5718727 0.6754216 
Car -1.00 -1 1.9209856 325.1809692 172.3068085 382.2973328 205.1231995 1.5844742 1.6950620 3.7055101 -13.8694830 1.6205487 39.2458687 1.5812852 0.6502620 
Car -1.00 -1 -1.5785076 634.5921631 170.4551239 666.1840210 200.7832794 1.4703130 1.5531567 3.8715792 2.1960564 1.3883371 38.6677513 -1.5217756 0.5366768 
Car -1.00 -1 2.3423211 -241.5224762 184.6637573 31.8595810 275.6191711 1.4862531 1.6595533 4.0299926 -14.3397465 1.8062106 14.8746891 1.5752318 0.3904141 
