Car -1.00 -1 -1.8578750 745.8823853 171.0101318 967.9711304 328.8442078 1.4885930 1.6267120 3.4531636 2.9674933 1.5579720 9.2198534 -1.5464866 0.8948192 
Car -1.00 -1 -1.7388725 689.5226440 170.9913330 800.5205078 259.2287292 1.5369078 1.6113186 3.5063968 2.8836718 1.5934166 15.5690088 -1.5557293 0.8528643 
Car -1.00 -1 2.1654019 14.6712389 202.0761566 135.8715820 257.0123901 1.5083143 1.5628834 3.5862741 -17.3369865 2.5315794 23.6552658 1.5329337 0.7669843 
Car -1.00 -1 2.0608931 137.3810883 199.1345520 246.5304718 249.1553497 1.4317486 1.5951623 3.7584922 -14.2823353 2.4250302 25.0014305 1.5418736 0.7774884 
Car -1.00 -1 -1.6980447 655.4503784 170.4748383 725.3672485 225.7907562 1.5419534 1.6590933 3.7592573 2.6565416 1.5477624 23.8821430 -1.5872647 0.7299597 
Car -1.00 -1 1.9832837 276.2949524 192.6740265 328.3283386 219.0175323 1.4492490 1.5189996 3.6643548 -18.2748833 2.6565325 43.1116409 1.5823479 0.5528557 
Car -1.00 -1 -1.6839605 630.1392822 173.8453674 676.7617798 210.7970123 1.4946651 1.6083275 3.5626376 2.0624473 1.6131253 33.7532158 -1.6229327 0.5898382 
Car -1.00 -1 1.8828365 360.6661682 187.1323242 396.4748840 207.3348694 1.4480567 1.6691514 3.2161927 -17.6298313 2.5745311 55.2262611 1.5738330 0.4304350 
Car -1.00 -1 1.7794498 414.1233826 178.2836914 448.9214783 202.0559540 1.6629999 1.7689701 3.8571765 -13.1585817 2.0961223 53.6000328 1.5387149 0.4632986 
Car -1.00 -1 1.8853592 321.5603333 190.2235565 361.8808899 212.1049042 1.4024303 1.6124380 3.3373919 -18.3846645 2.6249803 49.6879539 1.5309771 0.3194346 
