Car -1.00 -1 -1.9369772 764.0851440 182.0211639 1019.2747803 341.2517395 1.6144561 1.6192350 4.1412554 3.3734357 1.7487304 9.5703840 -1.5980885 0.8884985 
Car -1.00 -1 2.1344771 -6.3562012 178.8201599 230.1361694 284.5467529 1.4682885 1.6281265 4.1575909 -8.9436188 1.6812741 13.3897381 1.5455894 0.8009209 
Car -1.00 -1 -1.7673561 692.1784058 183.6227264 805.4316406 266.9922791 1.4782346 1.6138679 3.6561162 2.9790478 1.7851453 15.8244839 -1.5812783 0.8062006 
Car -1.00 -1 1.9793856 332.4849548 175.2028503 420.9252319 224.7467499 1.6939811 1.6705520 4.0986600 -8.8586454 1.8238850 27.8077374 1.6709825 0.7576160 
Car -1.00 -1 -1.6868144 679.4451904 179.1549530 749.7327881 239.6282196 1.5323830 1.5687737 3.4094596 3.0876832 1.7830216 21.4301109 -1.5437176 0.7156567 
Car -1.00 -1 1.8822460 402.5520020 180.5562897 461.4023743 216.3356171 1.5245929 1.5536703 3.8508291 -8.4929123 1.9488829 34.7536621 1.6425688 0.5949229 
Car -1.00 -1 1.8488245 432.2186279 180.4522858 480.4156799 211.1604614 1.5490128 1.5787922 3.7913773 -8.4790382 2.0273266 40.1136665 1.6405154 0.5475765 
Car -1.00 -1 -1.6704993 654.5535889 179.5486298 714.3997192 228.7342072 1.4863807 1.6262221 3.9226904 2.7064428 1.8103607 26.0894814 -1.5671321 0.5914549 
Car -1.00 -1 -1.6124148 645.1265259 176.4360046 678.9257202 208.3420715 1.5478721 1.5870422 3.6722076 2.9157233 1.8210566 40.0194206 -1.5396856 0.4803788 
Car -1.00 -1 2.4050985 -449.9308167 188.4689636 58.6459885 362.5946655 1.5395312 1.6871635 4.5690255 -9.6654444 1.8370644 9.2082920 1.5954834 0.3870300 
Car -1.00 -1 -1.6179799 650.6005249 179.8312378 696.3402100 221.2942810 1.4725251 1.6277797 3.8213079 2.6455956 1.8282030 30.0015221 -1.5300254 0.2766192 
