Car -1.00 -1 2.1526248 -3.5577879 210.7027130 174.6131134 292.1786499 1.5021236 1.5923966 3.7646465 -11.9224586 2.4861842 16.7771759 1.5347965 0.8045330 
Car -1.00 -1 2.1634067 913.4354858 166.2018890 1087.1771240 252.0178223 1.5537863 1.5774045 3.7625597 8.5715904 1.5370249 15.5786734 2.6664135 0.7983577 
Car -1.00 -1 2.0439159 175.1284027 198.1845398 294.0931396 257.8750610 1.6157414 1.6824199 4.0632181 -11.9480343 2.5250990 23.3933372 1.5717092 0.8079778 
Car -1.00 -1 -1.3760543 433.3092041 193.5890198 532.2846680 261.4753113 1.4820211 1.6502911 3.9268913 -3.0500689 2.0086616 18.1198196 -1.5428188 0.8576463 
Car -1.00 -1 2.0809331 1001.2219238 168.6116791 1237.5427246 270.2890625 1.4976929 1.6919245 4.0042462 8.7701111 1.4868912 12.2845249 2.7009373 0.7362107 
Car -1.00 -1 -1.5625548 559.8357544 179.9754639 600.2333374 218.9466400 1.5996499 1.6825558 3.4533436 -1.2837619 1.9282609 31.6776199 -1.6030585 0.7934096 
Car -1.00 -1 1.8926350 296.2227478 201.9808655 346.2516479 230.9842529 1.4942486 1.5444156 3.6737993 -16.1216679 3.1631798 40.5335159 1.5140812 0.6886084 
Car -1.00 -1 -3.3044987 771.4374390 166.0196838 906.9216309 220.6659546 1.6405742 1.6473998 4.0743041 7.6329122 1.5059779 24.1027889 -2.9978087 0.5469671 
Car -1.00 -1 2.1353139 1157.4697266 151.3558197 1561.7718506 311.8275757 1.5920750 1.6764566 4.3475637 9.0554676 1.4347679 8.7556496 2.9375436 0.5109998 
Car -1.00 -1 2.2748365 861.1574097 168.2431183 1017.5041504 236.6281128 1.5464897 1.6068966 3.8829925 8.8077278 1.5646296 19.1214561 2.7064869 0.4794350 
Car -1.00 -1 2.3222488 -218.7650299 214.4753571 40.0264626 303.6472168 1.5201939 1.5719159 4.1031122 -14.5526018 2.5307454 15.3643103 1.5639760 0.2622447 
