Car -1.00 -1 -1.7643964 705.4130249 187.7401276 833.2964478 284.6968079 1.4437155 1.5279856 3.4290462 2.7547739 1.7532459 13.0052948 -1.5556623 0.8753075 
Car -1.00 -1 -1.9307574 776.2990112 186.8840179 1119.0979004 420.7264404 1.4919244 1.5406020 3.4122319 2.6986346 1.6648781 6.6000190 -1.5426170 0.8348865 
Car -1.00 -1 -1.6837907 670.2979736 176.7654419 754.6414795 251.2735901 1.6133096 1.6220589 3.7051406 2.6520708 1.7998472 18.8518677 -1.5440284 0.8161425 
Car -1.00 -1 0.5986037 59.4023857 172.7171478 343.7076721 299.9833374 1.6914599 1.6533262 3.6426787 -6.2352133 1.7839941 11.0490837 0.0848331 0.7498997 
Car -1.00 -1 3.5566457 145.0852814 180.0194550 398.1757202 273.3621826 1.6342475 1.6415890 3.8034902 -6.1144629 1.8173629 13.3131037 3.1261001 0.7177636 
Car -1.00 -1 0.6757260 1682.4822998 218.3022461 1949.3183594 964.9344482 1.6300199 1.7005991 4.1710982 1.8837910 1.5376065 1.1995871 1.6794868 0.3837508 
Car -1.00 -1 3.9674368 -627.3004761 177.2909546 100.1271744 423.1463928 1.6037914 1.6483576 3.9042330 -6.5638723 1.7011945 5.7119465 3.1127510 0.5484130 
Car -1.00 -1 -1.6525517 658.1019287 182.1345520 719.4060059 236.7116394 1.5083413 1.5771067 3.6730533 2.6027467 1.9072574 23.8066273 -1.5436555 0.4607065 
Car -1.00 -1 -1.6222840 647.7500000 181.4985199 696.9321899 226.3169556 1.5100601 1.5635805 3.6769838 2.4923470 1.9338329 28.5472107 -1.5351987 0.4371297 
Car -1.00 -1 -1.6297638 649.2266235 182.3847504 696.0723267 225.9185944 1.5184238 1.5739589 3.6653259 2.5315993 1.9826261 29.0544147 -1.5428503 0.3630260 
