Car -1.00 -1 -1.5283327 796.2789917 147.4423370 870.2771606 215.2892303 1.5037022 1.6389534 3.5204530 5.7930174 0.9329395 18.4421253 -1.2239738 0.8660426 
Car -1.00 -1 -1.7000504 904.3000488 155.3226318 1011.4260864 240.1514740 1.4305208 1.5186652 3.6475425 6.9552870 1.1463735 14.6852360 -1.2577250 0.8466525 
Car -1.00 -1 1.9748914 482.7539062 141.8623047 550.5494385 179.3973541 1.5424740 1.5252409 3.8937287 -4.1624207 0.1766952 33.0564957 1.8496323 0.6721846 
Car -1.00 -1 1.8779103 531.3990479 138.7565918 589.1068726 172.4162598 1.5382187 1.6080387 4.1084065 -2.5587111 -0.1734143 37.7573586 1.8102466 0.6270817 
Car -1.00 -1 1.9409085 581.5656128 139.8664398 628.9725342 165.4881134 1.5018905 1.6166728 3.8652847 -0.2163779 -0.5594115 46.0816345 1.9362130 0.5757267 
Car -1.00 -1 3.2900552 13.5829983 150.9610748 222.6852264 222.5022125 1.3664898 1.5842339 4.1300449 -10.2969494 0.9248627 15.3763666 2.6999826 0.5228673 
Car -1.00 -1 -0.7962139 941.8466797 173.8668823 1367.7360840 317.8917847 1.4157979 1.5800527 4.2001033 6.5575433 1.5422584 8.8751993 -0.1598796 0.5570250 
Car -1.00 -1 -0.9310360 1014.2480469 190.4657440 2028.9464111 621.6502686 1.4593872 1.6186312 3.9254127 4.2857590 1.5888832 3.3141880 -0.0184883 0.4297364 
Car -1.00 -1 -1.6095982 888.4855347 145.5327301 947.0784302 196.4025574 1.3943118 1.5836130 3.7767181 10.2590122 0.5920881 24.0401382 -1.2062503 0.5283381 
Car -1.00 -1 -1.5817639 888.0582886 137.8887024 931.5863037 178.9284515 1.5347890 1.5735602 3.6119437 13.0306826 0.1255598 31.2659874 -1.1868860 0.4403241 
Car -1.00 -1 -2.5888841 213.3904114 147.4177246 338.9201050 191.2453308 1.4103824 1.6262826 3.6539521 -11.2142048 0.5905387 24.3252506 -3.0208569 0.4430899 
Car -1.00 -1 -1.6065285 898.0518188 148.6361084 959.0584106 202.1297760 1.3934388 1.5580194 3.8848639 9.6292076 0.7234170 21.9715691 -1.1934823 0.3172680 
Car -1.00 -1 -2.6756557 285.2673950 130.5445099 402.8258362 187.7102661 1.9328419 1.6749617 3.6712139 -9.4574442 0.4834145 25.7627316 -3.0274806 0.2911968 
