Car -1.00 -1 -1.8829558 738.1477051 180.7492218 918.8663940 298.5780945 1.5926783 1.5740657 4.0282788 3.3708100 1.7337008 11.9779787 -1.6086334 0.8857952 
Car -1.00 -1 2.0706302 108.8753204 173.5717468 287.3227844 261.3924866 1.5114696 1.6152588 4.0632372 -8.8994198 1.6281810 15.9543343 1.5618138 0.8190207 
Car -1.00 -1 2.3944288 -185.9810791 176.7324982 172.8205261 307.8740234 1.4999496 1.6537447 4.3795977 -9.1113834 1.6455248 11.0907488 1.7066970 0.7422128 
Car -1.00 -1 -1.6721582 673.3620605 178.9420166 734.8358154 231.4094849 1.5360956 1.5975964 3.4794092 3.1600676 1.7963300 24.3597717 -1.5431538 0.6523336 
Car -1.00 -1 -1.7298189 685.3893433 183.0603790 775.7227173 253.6123657 1.4692272 1.6008530 3.7362671 2.9868541 1.7993450 18.3267841 -1.5682617 0.6742670 
Car -1.00 -1 1.9477180 360.7091370 173.2029419 436.4884033 216.3582611 1.6834295 1.6809120 4.1577396 -8.9394016 1.7249302 30.9546013 1.6665764 0.5849824 
Car -1.00 -1 1.8852271 421.2238464 178.4523315 472.5080261 209.8104553 1.5328966 1.5339005 3.9302464 -8.5874281 1.8630399 38.4149551 1.6652991 0.5287742 
Car -1.00 -1 -1.6435411 652.0582275 179.0866241 704.1400146 223.4328613 1.4773560 1.6339912 3.7857089 2.6995096 1.7981770 28.4443417 -1.5489196 0.4490636 
Car -1.00 -1 -1.5985570 645.7614136 177.1499023 677.5878906 206.9496307 1.5236331 1.5991777 3.6098690 2.9632003 1.8198774 41.0278969 -1.5264581 0.3501074 
Car -1.00 -1 1.8573862 444.9388428 177.9666290 489.2202454 206.8046112 1.5886329 1.5321004 3.7600818 -8.4469604 1.9407464 43.0039062 1.6634324 0.3528971 
