Car -1.00 -1 -1.3683276 373.4178162 166.9595795 523.2125244 278.8689270 1.6910447 1.7053428 4.3221068 -2.9056396 1.6207387 13.7175322 -1.5770618 0.8638897 
Car -1.00 -1 -1.2119556 87.5744019 197.1981201 435.4236755 407.8948975 1.3395352 1.6909678 3.7589738 -2.9079516 1.6327405 7.0176649 -1.6047933 0.8460321 
Car -1.00 -1 -1.9836751 870.0796509 192.4783325 1248.1896973 395.9855957 1.4153382 1.6515971 4.1655164 4.2534041 1.6944640 7.6429234 -1.4758434 0.8339277 
Car -1.00 -1 2.0675633 162.4551849 170.3862152 274.7440796 217.6076202 1.5074512 1.7114158 4.3493891 -14.3567200 1.4846621 26.7569675 1.5750972 0.7227925 
Car -1.00 -1 2.1326775 37.6767197 167.1778107 171.6496887 229.4904785 1.5760719 1.6029369 3.7030423 -15.4701519 1.5024893 22.2880650 1.5259221 0.7090856 
Car -1.00 -1 -1.7664930 706.8023071 172.9725952 787.7518311 231.4020691 1.6606743 1.6728470 4.0193186 4.2918234 1.6945091 23.0859032 -1.5826848 0.7789755 
Car -1.00 -1 -0.7135044 1012.2969971 175.7983246 1216.6070557 253.1792450 1.5885354 1.6391284 4.0234823 11.6155815 1.7453706 16.6916065 -0.1055397 0.5589979 
Car -1.00 -1 1.9777136 268.8068848 173.5054016 347.1399841 208.6372070 1.4787829 1.6701540 4.1758494 -13.4451046 1.5356569 32.4457092 1.5848658 0.6039253 
Car -1.00 -1 -1.4641060 480.3353271 176.8153534 557.4169922 238.9309692 1.4380313 1.5883553 3.8214910 -2.5368364 1.6414288 20.4072990 -1.5877818 0.7314612 
Car -1.00 -1 2.4192128 -157.3017578 174.6430511 58.9629593 247.9318237 1.4861497 1.5476763 4.0960264 -15.7677784 1.5856794 17.5420761 1.6870308 0.4716897 
Car -1.00 -1 1.9052268 325.6123047 174.9316711 388.6980286 207.1159668 1.4252408 1.5327872 4.1577029 -12.0770798 1.5689983 34.7840958 1.5710475 0.4972445 
Car -1.00 -1 -0.3583304 892.4016113 181.9058990 1014.1616821 225.2169037 1.6220343 1.6660068 3.7908871 13.4335442 2.0165403 28.3642387 0.0839819 0.3743464 
