Car -1.00 -1 -1.9781597 809.5086670 192.5223389 1230.7661133 450.5499268 1.4363613 1.5613692 3.9483070 2.9816451 1.6540958 6.2063327 -1.5302986 0.8422652 
Car -1.00 -1 -1.8016797 732.8172607 181.3994141 889.9804077 293.4100647 1.4643730 1.5860964 3.6632044 3.1794107 1.6673057 11.9094677 -1.5407988 0.8651956 
Car -1.00 -1 0.4141641 344.5519714 173.1906891 521.8568726 235.8093719 1.5651383 1.7038513 4.2877765 -4.8257575 1.6344400 20.0484982 0.1779534 0.7677888 
Car -1.00 -1 -1.7591101 672.6416016 177.8681030 768.6647339 248.2026367 1.5389709 1.6652572 3.9235425 2.8090768 1.7199106 18.8222313 -1.6109611 0.8537876 
Car -1.00 -1 0.6323484 -149.7161865 180.4880981 355.2029114 341.8045044 1.5218931 1.5853601 4.0687327 -5.3379536 1.6738974 7.9028664 0.0382929 0.6936767 
Car -1.00 -1 -1.6192789 637.2253418 178.1854858 669.8104858 208.0444946 1.5385090 1.6147449 3.9897766 2.5679529 1.8999301 42.1835976 -1.5584784 0.5628272 
Car -1.00 -1 0.3687297 420.2820740 171.2423401 541.0424194 218.9546204 1.5819331 1.6320676 4.1444860 -4.6337290 1.6268924 26.3149395 0.1944291 0.4358628 
Car -1.00 -1 -1.6350606 648.7010498 179.3055725 693.6969604 219.5486450 1.4694504 1.5699943 3.6648934 2.6479132 1.8283681 31.0484295 -1.5499831 0.5412499 
Car -1.00 -1 -1.6884632 668.2829590 178.7313843 722.0145874 225.7792664 1.5081137 1.4856840 3.2628317 2.9984951 1.7449827 25.7994022 -1.5727589 0.4804017 
Car -1.00 -1 0.8482117 -528.5938110 211.4104156 331.9300537 528.7125854 1.4686835 1.5886301 4.0272074 -4.0780115 1.7516389 4.5049839 0.1125188 0.3257114 
Car -1.00 -1 -2.9031284 492.1145630 174.7697144 563.7474365 206.1185303 1.6236684 1.6049259 3.6248803 -4.3251567 1.7569423 38.5050354 -3.0149865 0.2531944 
