Car -1.00 -1 -1.8984681 789.8779907 210.0190582 1135.3111572 428.8055420 1.3507241 1.5903552 3.9865730 2.9841537 1.7859815 7.1008940 -1.5006273 0.8365912 
Car -1.00 -1 -1.5991467 579.3638306 177.4506378 637.5847778 232.8562469 1.6096324 1.6900538 3.6933055 -0.0794413 1.7588001 22.5935936 -1.6026628 0.8361953 
Car -1.00 -1 2.1119376 134.9850922 161.1852112 263.8843079 221.3837128 1.6326993 1.6932322 4.2619219 -13.2761717 1.3442793 23.6690063 1.6007571 0.7376628 
Car -1.00 -1 -1.6920846 682.4166260 181.0856934 778.4613647 264.0700684 1.5960463 1.6587079 3.6435308 2.5902801 1.8090433 16.2409821 -1.5339262 0.8366665 
Car -1.00 -1 1.9175090 244.0646973 167.5596161 316.4507446 209.9686127 1.6012250 1.5574143 3.9311161 -14.1466742 1.4472256 31.1544151 1.4912653 0.7171488 
Car -1.00 -1 -1.6265004 647.8917847 183.7406464 694.1588135 224.8224182 1.4306418 1.5444846 3.9687514 2.4786141 1.9314761 29.3064194 -1.5421253 0.6753609 
Car -1.00 -1 -2.3740601 1001.1101074 220.0629120 3856.7321777 1720.9711914 1.5011890 1.5974867 3.9092157 2.8421772 1.7375108 2.2137754 -1.4650066 0.5950770 
Car -1.00 -1 -1.6338768 659.4278564 186.9402466 715.8490601 235.7758179 1.3856462 1.5552737 3.8408291 2.6209447 1.9259292 24.3566933 -1.5266825 0.6012822 
Car -1.00 -1 1.8511631 324.4744873 172.5479431 373.8763123 201.0737610 1.4735268 1.6138487 3.8309965 -14.4664955 1.4947458 40.3059387 1.5065664 0.4320844 
Car -1.00 -1 2.3503138 -182.4894562 172.4570923 22.3101330 250.4577637 1.4783365 1.5607898 3.6521337 -15.1879663 1.5211293 16.0995560 1.5940433 0.2605619 
