Car -1.00 -1 -2.1376690 905.7853394 167.5781708 1812.8272705 683.4371948 1.5576109 1.6110972 3.8225949 3.0742524 1.6253642 3.9089599 -1.4712369 0.8239143 
Car -1.00 -1 0.5472109 71.2807770 173.7209167 444.9823608 325.0341797 1.6634091 1.6580683 3.7808187 -4.3455544 1.7191720 9.1064129 0.1019714 0.8470053 
Car -1.00 -1 -1.8709097 790.4205933 178.1255951 1037.5278320 339.2707825 1.4539899 1.6557271 4.0246344 3.6129282 1.6152774 9.1782150 -1.4958966 0.8656532 
Car -1.00 -1 0.5566457 232.8245697 154.1429138 509.1383667 284.0400085 1.7740954 1.6079206 3.5745997 -3.6938157 1.6015218 11.2587547 0.2396271 0.7427336 
Car -1.00 -1 -1.7017155 740.2153320 183.3254547 847.4588623 267.0003357 1.4252627 1.6022714 3.8169935 3.9069498 1.7414727 15.5598831 -1.4557101 0.8066291 
Car -1.00 -1 -1.6367060 723.6998901 180.1341705 792.1145630 242.0189209 1.4850305 1.5956484 3.4392459 4.2727389 1.7769511 20.8710022 -1.4347749 0.7686043 
Car -1.00 -1 0.3500337 478.5125732 173.3440094 593.4515991 217.4838867 1.6009068 1.6294392 4.1224618 -2.8789282 1.6941233 28.7552052 0.2502477 0.5896730 
Car -1.00 -1 -1.6804124 696.4103394 178.3690643 753.7314453 224.8372040 1.5123146 1.6231673 3.7823036 4.4273891 1.7974201 27.7137680 -1.5219969 0.6729268 
Car -1.00 -1 0.4954410 311.3885803 167.0856781 546.4087524 252.8218536 1.5432881 1.6426281 4.1296263 -3.6416268 1.5782920 14.7604704 0.2535566 0.4097774 
Car -1.00 -1 -1.6113968 683.8731079 180.3592224 717.0491333 210.1631470 1.4720997 1.5904505 3.6966145 5.0854783 1.9546676 40.3985825 -1.4861729 0.3568557 
Car -1.00 -1 -2.7309419 533.6660767 175.2643585 606.7946167 205.2196655 1.5372024 1.5902058 4.0232577 -2.1321344 1.7330023 39.4969330 -2.7848718 0.2387673 
