Car -1.00 -1 3.7940878 -415.1187439 188.4139557 316.7807922 439.4260864 1.5171454 1.6091208 3.8559670 -4.4279380 1.6903560 5.2440639 3.0928705 0.7836438 
Car -1.00 -1 -1.8719076 733.2951050 176.4046478 904.3598022 296.9983826 1.4918946 1.5308644 3.4669411 3.1854601 1.6273461 11.4756584 -1.6011406 0.8565170 
Car -1.00 -1 -2.0517330 813.8706665 190.3495789 1296.0096436 477.8217773 1.4725099 1.5757521 3.7434084 2.9400742 1.6569038 5.8169003 -1.5837456 0.8306979 
Car -1.00 -1 -1.6773138 687.8680420 175.9362183 785.3693848 258.6507568 1.5045594 1.5519412 3.9986687 2.7921948 1.6527883 16.2897720 -1.5075556 0.8471382 
Car -1.00 -1 -2.6341932 80.8347015 176.9565887 424.4506836 292.7318726 1.4691483 1.5838609 3.8579350 -4.7121601 1.5959521 9.8485909 -3.0804610 0.6214193 
Car -1.00 -1 -2.6863736 227.9942169 164.7803040 493.1177979 271.5519409 1.7765355 1.6974074 3.8607829 -4.3160253 1.6784848 12.8396683 -3.0106549 0.6566692 
Car -1.00 -1 -1.6385032 668.9877319 166.8564148 727.1827393 222.6177216 1.7256002 1.5743160 3.5392063 3.1383367 1.5806496 25.6181984 -1.5166063 0.6444143 
Car -1.00 -1 -1.6813768 678.8405762 174.3869019 747.8438110 234.9384613 1.5088414 1.4845042 3.2687855 3.0334945 1.6188632 21.1934700 -1.5392090 0.4902939 
Car -1.00 -1 -1.6366763 650.8457642 173.6084290 693.0640259 208.8931427 1.4569844 1.6023848 3.9420071 3.0135219 1.5660187 34.8578529 -1.5504390 0.4691440 
Car -1.00 -1 -2.9465486 481.3821411 167.7274017 561.0701904 202.3788452 1.7526349 1.6190286 3.7145414 -4.5907621 1.4862558 37.6016350 -3.0680368 0.3410229 
