Car -1.00 -1 -2.1346711 916.4014282 196.8959961 1435.3447266 471.5999756 1.4705716 1.5986041 3.5006714 4.0925074 1.7266922 6.1028609 -1.5439584 0.8168838 
Car -1.00 -1 -1.9427175 793.2694702 188.4130402 994.7691650 314.0686035 1.4336281 1.5668076 3.4703605 4.1076140 1.7424121 10.8813744 -1.5817653 0.8610645 
Car -1.00 -1 -1.7892247 738.2183228 181.5577087 850.6580811 262.2641296 1.4648627 1.5969088 3.6371508 4.0815544 1.7347758 16.2116280 -1.5425836 0.8209666 
Car -1.00 -1 -1.1627745 61.7272949 150.5984039 425.5170288 394.4112549 1.8391138 1.7450268 3.9694860 -3.3425124 1.6311426 7.4618406 -1.5839202 0.7648884 
Car -1.00 -1 -1.6990774 666.7444458 175.2845459 710.7586670 210.3764801 1.5886495 1.6359923 3.7139554 3.7927141 1.7186949 34.9388695 -1.5909480 0.7488376 
Car -1.00 -1 -1.3525227 356.9848328 149.0112152 520.6941528 274.7154236 1.8985544 1.8130519 4.6505837 -3.1864331 1.5543784 14.0681210 -1.5752647 0.7619359 
Car -1.00 -1 2.3440588 -120.9457932 177.6037140 76.4421997 251.1051331 1.4395890 1.5435036 3.6679990 -14.4087811 1.6064643 16.6817951 1.6316402 0.5462699 
Car -1.00 -1 -1.4754746 500.9523010 172.0416107 560.4921875 221.6524811 1.6046166 1.7011534 3.7649136 -2.8551605 1.6392159 26.4437218 -1.5830292 0.6698157 
Car -1.00 -1 -1.4956214 470.4256592 176.6722717 543.8908081 238.0975037 1.4708188 1.6344157 3.6566505 -2.9625099 1.6789489 20.9113102 -1.6363550 0.6240369 
Car -1.00 -1 -1.6720835 704.3108521 179.6031189 783.7919922 241.4363708 1.4789910 1.6417712 3.9226649 4.0142312 1.7954643 21.5978317 -1.4883177 0.3589441 
