Car -1.00 -1 -1.2966331 240.1857758 182.2162933 449.9411926 326.0307007 1.4575566 1.5773914 3.5783818 -3.2475643 1.6242631 9.5274773 -1.6251450 0.8830928 
Car -1.00 -1 -1.9234250 754.1426392 194.4205170 911.2617798 285.6163025 1.4277091 1.5856922 3.6790881 4.0512195 1.8533556 13.7310724 -1.6365246 0.8774712 
Car -1.00 -1 -0.9045486 -1004.4395142 143.4488983 302.2672729 864.1410522 1.5535936 1.6090239 3.8351984 -3.0801015 1.6137173 3.4115784 -1.6389292 0.7650770 
Car -1.00 -1 -1.7528914 722.9518433 185.8318481 809.9817505 251.8207550 1.4352899 1.5564808 3.3853660 4.0594363 1.8459150 18.9195347 -1.5415328 0.7858389 
Car -1.00 -1 -1.4971770 511.3956604 176.7355042 553.0753784 211.0443726 1.4738152 1.6335213 3.6309583 -3.4995434 1.6651514 33.2904320 -1.6019139 0.7659186 
Car -1.00 -1 2.0189689 222.8251495 170.8787689 296.7818909 207.7729187 1.4869175 1.4950328 3.7398636 -15.4981098 1.4420063 32.2177887 1.5706024 0.6189804 
Car -1.00 -1 -1.5219801 537.9196777 171.4212799 569.6843872 201.6182709 1.5823008 1.6423208 3.9924293 -3.2462041 1.5632879 42.2947693 -1.5985818 0.5561674 
Car -1.00 -1 2.1468865 42.2052765 169.0639343 180.9074249 222.2846680 1.4659660 1.5909183 4.0510144 -15.4758368 1.4273322 22.6383362 1.5472441 0.3631485 
Car -1.00 -1 -1.6414959 661.4515991 181.6358948 695.1334839 209.4761200 1.4537878 1.6013395 3.6978652 4.0353098 2.0165581 42.3802414 -1.5465653 0.4221495 
Car -1.00 -1 -1.7332964 693.5819092 181.6163940 769.8670044 236.9121399 1.4567180 1.6054708 3.8264263 3.8834968 1.8187996 23.0902214 -1.5666679 0.4351458 
