Car -1.00 -1 -1.2835184 265.8691406 169.6401825 493.5149231 329.6848755 1.6596899 1.7018831 4.0468907 -2.7586019 1.6229527 9.6749249 -1.5612769 0.8795053 
Car -1.00 -1 -0.9623899 -802.0472412 204.2844696 326.5331726 814.2951050 1.3765308 1.5844852 3.6952064 -2.8465095 1.6591840 3.5324850 -1.6406631 0.7842988 
Car -1.00 -1 2.2170808 -80.1886520 170.6208344 95.5029449 242.4571686 1.5462258 1.6496872 3.7998364 -15.0972977 1.5483955 18.3228970 1.5279011 0.6724147 
Car -1.00 -1 -2.3307340 995.7081299 211.2593842 2126.1040039 753.1130371 1.3906122 1.6205180 4.1993899 4.1015630 1.6865092 4.1944919 -1.5565369 0.7279381 
Car -1.00 -1 -1.8129318 720.1562500 175.1856537 821.6267700 244.8204498 1.6295462 1.6594236 3.9256532 4.2160130 1.7306973 19.5204887 -1.6002202 0.8090580 
Car -1.00 -1 2.1445675 92.4127121 171.0121765 235.0965576 226.5481720 1.4730047 1.7341987 4.2653041 -14.3306952 1.5050123 23.4064732 1.5951867 0.7247195 
Car -1.00 -1 1.9666913 238.5209503 175.8183746 315.6224670 211.6201172 1.4141748 1.6599537 3.9637742 -14.6961956 1.6001303 32.1841316 1.5383387 0.7121225 
Car -1.00 -1 -1.4416207 448.6561279 179.0873108 548.8357544 257.2098083 1.4179869 1.5715995 4.0987601 -2.4977508 1.6461782 16.6490116 -1.5905341 0.8066563 
Car -1.00 -1 -0.7551545 1094.6315918 182.6057129 1363.3101807 271.0691528 1.5930316 1.6753155 4.1800771 12.6909237 1.8874378 14.9353380 -0.0508204 0.5684077 
Car -1.00 -1 -1.4822790 500.5796814 171.0839233 565.8811035 225.8330078 1.6363037 1.6660838 3.8912997 -2.5479994 1.6421650 24.2884064 -1.5868027 0.4572149 
Car -1.00 -1 -1.4866486 540.5090942 174.6879883 580.2135620 211.0944519 1.5912863 1.5920863 3.7609420 -2.2879908 1.7120066 34.3373070 -1.5531831 0.3508382 
