Car -1.00 -1 0.3744810 -223.4814911 182.9899445 306.8526306 350.9412842 1.4931861 1.6256243 4.1667089 -5.5664744 1.6615297 7.4447751 -0.2675479 0.7956942 
Car -1.00 -1 -2.0762622 817.3031006 192.2149963 1188.7972412 403.4401855 1.4387470 1.5610561 3.6495211 3.3789854 1.6674648 7.0605688 -1.6299040 0.8644788 
Car -1.00 -1 -1.8038351 650.4141235 176.9300842 757.5243530 251.6083221 1.4872755 1.6034398 3.4550211 2.0442135 1.6042441 16.5372448 -1.6808463 0.8768524 
Car -1.00 -1 3.4633823 154.4426422 163.4178772 394.5377808 261.4844055 1.7261528 1.5967981 3.8013835 -6.3342962 1.5685068 13.8661623 3.0348740 0.7849406 
Car -1.00 -1 -1.6712734 617.9246216 171.5506744 690.4321289 232.9475098 1.5198292 1.6205994 3.8961701 1.3194563 1.5787889 21.7283726 -1.6106229 0.7303238 
Car -1.00 -1 -1.6236048 544.8860474 169.7284546 579.6388550 201.0399628 1.6552604 1.6989479 3.8416338 -2.6967187 1.5121722 40.7795944 -1.6896378 0.6397655 
Car -1.00 -1 3.3741061 247.2497864 173.0644226 438.3344116 245.4747314 1.6041958 1.6653354 3.9223862 -6.2035208 1.6482666 17.0518723 3.0251880 0.5363275 
Car -1.00 -1 -1.6491982 606.0820923 172.7276154 661.4060669 218.8179626 1.5043945 1.6214037 4.2445025 0.8817106 1.5661668 27.4168949 -1.6170499 0.4762836 
Car -1.00 -1 3.3898390 252.8077087 172.6968842 428.0709229 242.8364716 1.5714903 1.6336787 3.7221642 -6.2130728 1.6311347 16.8898792 3.0373447 0.3333272 
Car -1.00 -1 0.1919880 331.6044006 167.8805695 465.0489197 224.1547699 1.6788402 1.6457719 3.9884348 -6.6481485 1.6306480 23.0362816 -0.0889727 0.2758583 
