Car -1.00 -1 2.3010607 -84.4788055 173.7003021 208.5761414 291.5122070 1.5023069 1.6465569 4.3151565 -8.9890060 1.6206014 12.2733250 1.6689179 0.7865909 
Car -1.00 -1 -1.8723952 727.2098389 181.8992310 886.1748657 287.0239563 1.5907587 1.5869545 3.9258094 3.3636208 1.7563553 13.1285076 -1.6215829 0.8778359 
Car -1.00 -1 2.0438189 151.5407715 171.0209045 310.5973206 253.5133820 1.5383153 1.6027372 4.0332336 -8.8622761 1.5991764 17.2016544 1.5680861 0.8079667 
Car -1.00 -1 1.9493246 372.2416687 172.9607239 445.2165833 214.0637970 1.6687258 1.6797845 4.1731291 -8.8863258 1.7078634 32.2714119 1.6806217 0.6925270 
Car -1.00 -1 -1.6962166 681.4511719 181.9825745 764.4567871 248.9505463 1.4766495 1.6202195 3.8072779 2.9918880 1.8026342 19.4490547 -1.5435810 0.7328441 
Car -1.00 -1 -1.6513200 671.6152954 178.8005676 728.4254150 229.5021362 1.5442317 1.6037774 3.5821285 3.1527824 1.8129386 25.3934994 -1.5277951 0.6404977 
Car -1.00 -1 1.8867766 428.6817932 178.5102844 478.5606384 208.9345856 1.5272501 1.5071483 3.9104271 -8.4500065 1.8700749 39.3924637 1.6754706 0.5349017 
Car -1.00 -1 -1.6435139 652.0034790 179.3871307 703.4921265 222.8496552 1.4954289 1.6407415 3.7565775 2.7791777 1.8389747 29.3649864 -1.5491524 0.4110853 
Car -1.00 -1 -1.6081771 646.1975708 178.2429199 684.6478271 213.0960999 1.5492667 1.6291779 3.6194267 2.7935114 1.8697094 35.9464035 -1.5306197 0.3275156 
Car -1.00 -1 2.0104015 448.9717407 177.8590698 495.8906555 205.2294159 1.5864046 1.4951200 3.7485881 -8.4911613 1.9469510 45.0350418 1.8240436 0.2673604 
