Car -1.00 -1 -1.7381450 706.8134155 181.8418732 857.3826904 299.3366394 1.4774473 1.5734093 3.7738695 2.5955603 1.6825756 11.5200558 -1.5165374 0.9046421 
Car -1.00 -1 -1.9698032 801.8510742 190.3502960 1274.2054443 479.0585327 1.4481708 1.6198342 4.1088781 2.8939829 1.6444681 5.9377413 -1.5162961 0.8500821 
Car -1.00 -1 1.9138684 259.3769531 196.4631500 445.4455261 308.4876404 1.4013898 1.5680022 3.8979974 -3.9549634 1.8587521 11.9012384 1.5930344 0.8713832 
Car -1.00 -1 -1.5481155 573.1209106 183.9879761 649.2157593 256.2915649 1.5503508 1.6396492 3.7433941 0.0860132 1.8368660 17.7160816 -1.5432605 0.8779326 
Car -1.00 -1 0.2864103 164.2991028 192.5718079 254.5756378 226.0578308 1.5225248 1.7080404 3.5546920 -19.3145084 2.5166974 35.0738144 -0.2169562 0.6503325 
Car -1.00 -1 -1.6156267 678.3219604 181.3457794 743.3621826 245.5809479 1.5299307 1.5346340 3.9028611 2.7502940 1.8165575 19.9847755 -1.4788663 0.7393182 
Car -1.00 -1 1.6741763 540.1126709 180.9057922 583.4966431 217.2952576 1.5404164 1.6089387 3.7494276 -2.1553233 1.9647560 33.7951241 1.6104864 0.6637047 
Car -1.00 -1 0.5621915 5.4690380 196.4183655 111.7135620 231.9916992 1.5576984 1.7755892 3.5193048 -25.6593513 2.6921795 33.7524338 -0.0878198 0.3942192 
Car -1.00 -1 -1.5688138 661.5939941 180.6516571 716.1008301 232.8953705 1.5035653 1.5556507 4.0714054 2.7747333 1.8479391 24.6171436 -1.4565721 0.5655969 
Car -1.00 -1 2.9253065 373.7053223 183.5725250 462.1242065 213.4157867 1.5072908 1.5947338 4.3517151 -10.1757164 2.1108867 38.1621094 2.6647248 0.3228693 
Car -1.00 -1 -1.5440168 599.9711304 172.5906525 657.0251465 228.7191620 1.7762696 1.7280161 4.3453369 0.6838402 1.8005447 25.1940384 -1.5168805 0.4676941 
