Car -1.00 -1 -1.7043854 824.7273560 162.1700745 936.2979736 253.4854584 1.4667889 1.5605808 3.6315720 5.1311698 1.3227647 14.0608053 -1.3544748 0.8651461 
Car -1.00 -1 -1.5487346 718.8041382 150.7033539 785.8248291 213.1451569 1.5153965 1.6370773 3.5321820 3.9897454 0.9700787 19.9167652 -1.3510305 0.8506897 
Car -1.00 -1 -1.0650791 1040.8746338 181.1886139 1657.3411865 492.6228027 1.4664506 1.5994607 3.3822501 4.8951426 1.5859056 4.7778902 -0.2675600 0.7046244 
Car -1.00 -1 2.0056167 377.3341675 145.4278870 451.2949829 184.2090607 1.5174834 1.5214182 4.0023923 -8.3916807 0.3760684 31.4117603 1.7445623 0.6811990 
Car -1.00 -1 1.9465110 486.0218506 144.1824036 537.1658325 170.5586700 1.5191267 1.6374606 4.2367983 -6.0835752 -0.2365470 45.2736015 1.8129375 0.6253186 
Car -1.00 -1 -1.6193142 801.1035156 155.5836792 859.9140625 206.4820099 1.3914114 1.5215967 4.0572195 7.3120179 0.9172166 23.9807491 -1.3233571 0.6960694 
Car -1.00 -1 1.9162082 430.9461975 142.1240692 493.8938904 177.5022736 1.5560708 1.6065320 4.1237650 -7.3557558 0.0868735 36.2482491 1.7159996 0.6015375 
Car -1.00 -1 -1.6099475 815.9497681 157.9196472 885.1718750 220.9588318 1.3848764 1.5730180 3.8083346 6.5116220 1.0898288 19.6003208 -1.2891991 0.5738710 
Car -1.00 -1 -2.1638908 -43.7197990 149.0565338 105.9855804 213.2851410 1.4056343 1.6041120 3.4595959 -14.6188431 0.9110041 18.0884533 -2.8436036 0.4664359 
Car -1.00 -1 -1.6009415 800.2395630 147.4686737 837.8357544 182.3858185 1.4816463 1.5882497 3.6722777 10.0397167 0.3401600 34.7088547 -1.3193712 0.4857768 
Car -1.00 -1 -2.4888613 53.0114250 146.8052216 201.8026733 199.2577057 1.3924072 1.6268461 3.6808038 -14.1136799 0.6895105 21.0717850 -3.0790234 0.4979521 
Car -1.00 -1 -1.5891343 791.5787964 141.3110809 816.3113403 165.2195587 1.5786241 1.5744051 3.9261472 14.0219355 -0.6156628 52.1198578 -1.3263245 0.3894792 
Car -1.00 -1 -0.9315526 886.3432007 184.9353638 1261.2237549 343.6693726 1.3717786 1.5818566 4.0473766 5.5397325 1.6482043 8.4535732 -0.3514518 0.3926339 
Car -1.00 -1 -2.5899808 134.3220673 129.7039490 279.2865906 194.5290222 1.9448858 1.7087313 3.7473822 -12.6759911 0.6126902 22.7781258 -3.0977995 0.3067604 
Car -1.00 -1 3.8365471 -198.0601807 150.0184479 51.1512718 237.3962708 1.4826759 1.6549201 3.9745581 -12.9318352 1.1007743 13.7161102 3.0805714 0.2388757 
