Car -1.00 -1 -2.1953055 864.7832642 177.9944153 2578.7744141 1135.8795166 1.5521952 1.6382869 3.8896151 2.5076237 1.6885453 2.8406553 -1.4720960 0.7947042 
Car -1.00 -1 -1.8527382 765.7005005 207.3106842 1010.2278442 366.1966248 1.3514922 1.5864302 3.9755175 3.0316088 1.8182186 8.6638088 -1.5161378 0.8674310 
Car -1.00 -1 -1.6844216 677.4279785 181.7427063 766.2312012 256.6325073 1.5833279 1.6647838 3.6280060 2.6177893 1.8305519 17.5165577 -1.5360730 0.8421461 
Car -1.00 -1 2.0857626 163.3050690 161.9694519 281.6113586 218.9912415 1.6596644 1.6959409 4.2290521 -13.3346090 1.3711751 25.1303158 1.5979214 0.7510997 
Car -1.00 -1 -1.5938756 580.0571899 177.3076172 638.3112793 232.7751770 1.6059432 1.6790510 3.6374388 -0.0485546 1.7589803 22.5872784 -1.5960252 0.8145437 
Car -1.00 -1 1.9162558 260.2146606 168.5575104 330.0603943 207.9573517 1.5290564 1.5848279 4.0530214 -13.9237728 1.4140542 32.1251183 1.5072722 0.7048153 
Car -1.00 -1 2.3041231 -126.4077225 161.3660278 64.2965317 246.6817017 1.6453478 1.6160573 3.5100198 -14.5651522 1.4427825 16.5991135 1.5838983 0.5895003 
Car -1.00 -1 -1.6387051 657.7124023 185.0659943 713.2708130 233.3302002 1.3999482 1.5583644 3.9046776 2.6059783 1.8956203 24.9674587 -1.5347067 0.6146531 
Car -1.00 -1 1.8478479 334.8851929 172.0945892 381.6973572 200.4875793 1.5643815 1.6029009 3.7549379 -14.5090895 1.5406947 41.8859367 1.5143881 0.5147929 
Car -1.00 -1 -1.6307619 647.9170532 184.0428009 692.6226807 222.9529419 1.4507776 1.5235492 4.0016780 2.5348082 1.9664305 30.4894085 -1.5478153 0.4251923 
