Car -1.00 -1 -1.3289463 285.9100952 190.5030975 415.4520264 274.6012573 1.4661270 1.6645200 3.8773644 -5.2843537 1.8762920 15.2918367 -1.6616664 0.8927437 
Car -1.00 -1 2.0577704 884.4314575 177.3948669 1053.4071045 260.6131287 1.5486419 1.6053163 4.0434327 8.0132456 1.7442123 15.7734661 2.5278139 0.7665235 
Car -1.00 -1 1.9818303 131.7059021 193.0547333 227.2038574 242.0467682 1.5877100 1.6967170 4.1134696 -16.2434025 2.4284335 27.5004501 1.4483072 0.8117598 
Car -1.00 -1 -1.5805444 455.6488342 179.0001068 503.4650879 223.8126678 1.6010525 1.7022287 3.5715818 -5.0289402 1.8532671 27.8311424 -1.7593101 0.8458054 
Car -1.00 -1 2.0343135 4.9039750 199.4551697 143.6930237 267.4729004 1.4589717 1.6645590 3.5975032 -14.0139256 2.2494919 19.1577454 1.4027567 0.7508733 
Car -1.00 -1 2.0880195 815.7840576 176.0086517 958.6337280 244.2463074 1.5286829 1.6313396 3.9790323 7.3539863 1.7084996 18.7609997 2.4615953 0.6583725 
Car -1.00 -1 1.8361253 1071.7944336 177.3928223 1158.6716309 275.1416626 1.4632701 1.7104485 4.0544958 9.5387011 1.7619316 13.6988869 2.4443719 0.5693451 
Car -1.00 -1 2.1361682 759.0000000 170.9667816 889.9335327 236.1929626 1.5913980 1.5898993 3.9760792 6.3312664 1.6743181 20.8789406 2.4305921 0.6211663 
Car -1.00 -1 -3.2162841 636.7395630 171.9985504 736.9436646 212.4993744 1.6454393 1.6650558 4.0390706 3.3823783 1.6723245 31.6795673 -3.1099186 0.3949873 
Car -1.00 -1 1.9156675 206.4476624 197.0354462 257.0645752 223.5582733 1.3804286 1.6217796 3.8589621 -22.3770447 2.8863333 42.9167213 1.4350419 0.4460900 
Car -1.00 -1 2.2755351 721.2977295 172.8183289 836.4962158 226.6266174 1.6051971 1.5902271 3.8043184 5.9434466 1.7282233 24.8911934 2.5099235 0.3922124 
Car -1.00 -1 2.0788648 1186.6464844 180.1030273 1324.4036865 243.4266357 1.4945190 1.6573663 4.1632948 16.9674778 1.7271012 18.9131374 2.8100901 0.2435665 
