Car -1.00 -1 -0.4705204 689.3085327 180.4097137 908.6835327 266.5324707 1.5314056 1.6219091 4.1424675 3.9745517 1.7966724 15.2126188 -0.2149661 0.7172486 
Car -1.00 -1 -0.8898960 1023.1448975 183.8906250 1786.8879395 457.5210266 1.4675639 1.6272805 4.0506988 5.2376499 1.5983061 4.8693228 -0.0680711 0.6189041 
Car -1.00 -1 2.4880014 884.5314941 178.3005371 1369.1872559 345.4439392 1.4767324 1.5937132 4.0047164 5.1978393 1.6062755 7.4678741 3.0960557 0.6181527 
Car -1.00 -1 -0.5528151 819.3803711 177.2425995 1153.8850098 304.1350403 1.5007528 1.6057142 3.7850666 5.1086268 1.6875912 10.1320095 -0.0858078 0.5323566 
Car -1.00 -1 -0.3902987 639.0103760 179.1574097 802.4512939 247.3726654 1.5988157 1.6435399 3.8380668 2.8981524 1.8720328 19.2240028 -0.2406685 0.4929609 
Car -1.00 -1 -0.0537250 544.0775757 184.1974335 629.4069824 216.5028534 1.5633185 1.7062107 4.0956593 -1.1782767 2.1697853 36.5714951 -0.0859324 0.3731225 
Car -1.00 -1 1.7907506 282.4038086 179.9008636 385.3964844 258.4054260 1.7902691 1.6501623 3.8683796 -7.4150157 2.0618733 19.6026516 1.4291197 0.4228469 
Car -1.00 -1 -0.3557165 603.4018555 184.2035522 728.4959717 234.9830322 1.5328887 1.6164577 3.8728940 1.8017473 1.9849821 23.9115391 -0.2805081 0.3471030 
Car -1.00 -1 1.6497991 347.2203369 193.7406006 398.4039917 237.1017456 1.4146504 1.5438002 4.0917892 -9.1128578 2.2957151 27.8488903 1.3335559 0.3834120 
Car -1.00 -1 -0.5727045 583.6743774 186.1275482 645.7047729 223.2020416 1.4644237 1.5992427 4.0740824 0.1765455 2.0823333 30.8147697 -0.5669754 0.1805155 
