Car -1.00 -1 -1.9111048 775.4272461 186.6524048 1052.9426270 368.2824097 1.4220973 1.5588595 3.4377420 2.9697926 1.6119853 7.8066850 -1.5475938 0.8788942 
Car -1.00 -1 3.5447604 -457.2729187 180.7854156 200.4381409 425.4483032 1.5961570 1.6520408 3.9086564 -5.7428455 1.7494413 6.0829811 2.7881165 0.7360092 
Car -1.00 -1 -1.7641575 700.9056396 175.0693207 833.9828491 274.9947510 1.5409864 1.6242977 3.7838268 2.8085275 1.6301671 13.4691753 -1.5585878 0.8844985 
Car -1.00 -1 3.1774928 356.9220581 177.4524231 492.2126465 232.2470245 1.5294154 1.6295316 3.9078927 -5.3941765 1.6899061 21.4291267 2.9308944 0.7869864 
Car -1.00 -1 -2.3936169 910.0052490 202.3811493 3726.2224121 1615.2916260 1.4299852 1.5851959 4.1440487 2.7502918 1.6757182 2.3864064 -1.5374966 0.6638641 
Car -1.00 -1 -1.6664971 665.1211548 175.8089905 721.0150757 223.5496216 1.5469127 1.6005874 3.5663290 2.9013515 1.6762072 25.5522022 -1.5534353 0.7662751 
Car -1.00 -1 3.2505022 418.9763184 176.3518982 523.1143799 215.2728271 1.4973278 1.5385766 3.7845314 -5.4674568 1.6632308 28.8560715 3.0632486 0.5872566 
Car -1.00 -1 -1.6194648 641.3431396 168.2274933 684.1776123 208.2205353 1.6325245 1.6575809 3.8623621 2.5271392 1.4961239 34.1342773 -1.5455644 0.6065107 
Car -1.00 -1 3.2242815 455.7600098 171.5869904 548.1689453 207.2250824 1.6332065 1.6781213 4.2064214 -5.0284452 1.5794597 34.2121315 3.0783479 0.3506489 
Car -1.00 -1 -1.6254648 654.3602295 173.9038239 700.7063599 215.7344971 1.5264415 1.6092266 3.5670645 2.7964973 1.6307545 29.8376427 -1.5320140 0.3432328 
