Car -1.00 -1 -2.1288604 847.2277832 163.9561462 1525.3918457 543.4464722 1.5477302 1.6149365 3.8392701 3.0805016 1.5661361 4.9166379 -1.5691499 0.8363032 
Car -1.00 -1 -1.8188818 706.3713379 166.3238678 856.9675293 268.6148987 1.5473001 1.6292574 3.8455052 3.0066280 1.4790491 13.2284803 -1.5953940 0.8846016 
Car -1.00 -1 2.2137195 61.9635582 197.1407928 185.5636444 243.5959930 1.4493737 1.6402619 4.2231870 -17.8803062 2.4070048 26.8654289 1.6264899 0.7194382 
Car -1.00 -1 2.0569853 178.5344696 191.9942322 258.2397156 227.9325562 1.4435314 1.5423834 3.8093996 -17.5270481 2.3402928 32.5619774 1.5631945 0.7470215 
Car -1.00 -1 -1.7300042 654.5266724 170.9357147 728.5358887 225.5626831 1.5074672 1.6241539 3.8668432 2.5622494 1.5035527 23.0401039 -1.6192510 0.7989042 
Car -1.00 -1 1.8420572 348.1821594 175.5682220 399.4715881 209.0121155 1.6075846 1.6427636 3.7001905 -12.4533052 1.8068926 38.4561234 1.5288825 0.5845132 
Car -1.00 -1 2.3103115 -149.7560272 202.2426453 49.9374084 270.0606079 1.4740666 1.6259831 4.2495785 -17.5494385 2.3473567 19.5484695 1.5787466 0.5002084 
Car -1.00 -1 -1.6458782 638.9116211 171.2339325 691.0656128 215.9318695 1.4913621 1.5933790 3.9725983 2.2123532 1.5252132 28.8067131 -1.5692288 0.6000612 
Car -1.00 -1 1.9654603 258.2966614 188.5286865 315.0195312 216.7560120 1.3963381 1.7106638 3.3928857 -17.9135284 2.3276592 40.1748390 1.5460302 0.5395898 
Car -1.00 -1 2.0081237 314.2980042 184.9350433 363.9666443 209.5251923 1.4586666 1.6374189 3.6645107 -17.3795300 2.2739455 46.6438179 1.6514580 0.4307155 
