Car -1.00 -1 -1.6969227 925.5763550 154.8949127 1034.6439209 241.0316315 1.4236816 1.5160673 3.6075408 7.3965454 1.1471121 14.6309433 -1.2288519 0.8538835 
Car -1.00 -1 1.9549774 511.1014404 143.8514252 575.5819092 180.5070801 1.5229228 1.5033922 3.8982348 -2.9756560 0.2315846 33.3708076 1.8660432 0.7259944 
Car -1.00 -1 -1.5225620 816.0357666 147.5269623 894.3164673 218.8056793 1.5198145 1.6347104 3.6441972 6.1430507 0.9603573 17.8324947 -1.1908076 0.8105931 
Car -1.00 -1 1.9228449 606.6234741 140.9021301 653.3035889 166.7627563 1.5274808 1.6161506 3.9330204 1.3682758 -0.4727548 46.2131691 1.9524442 0.6616314 
Car -1.00 -1 -1.0064035 1029.7558594 178.8547211 1866.0826416 563.0416260 1.4576720 1.6007411 3.9290633 4.6248236 1.5505909 3.8976102 -0.1358822 0.5984549 
Car -1.00 -1 1.8944617 556.9374390 140.9969330 614.7001343 173.8609314 1.4805759 1.6038048 4.1119852 -1.1961914 -0.1080962 37.7402916 1.8627770 0.6468758 
Car -1.00 -1 -1.5785656 912.7241821 137.7770538 961.9190063 184.0046539 1.5523822 1.5923387 3.5921299 12.7812500 0.2951494 28.0831757 -1.1514610 0.4696691 
Car -1.00 -1 -1.6052992 915.7121582 146.8159027 975.4766846 198.8654022 1.3916737 1.5726094 3.7528913 10.9679003 0.6614466 23.6078625 -1.1703813 0.5198920 
Car -1.00 -1 -0.8555407 957.1049805 170.0270386 1361.4833984 312.6329651 1.4211802 1.5663702 4.2573586 6.9097762 1.5353592 9.1693811 -0.2097583 0.4239237 
Car -1.00 -1 -2.6467353 252.6266632 150.9082642 370.0269165 192.7523804 1.3919742 1.6041254 3.5733051 -10.3097515 0.6637728 25.0251236 -3.0375230 0.3552963 
Car -1.00 -1 -2.7634189 313.0514526 134.1483917 429.4061279 189.9911957 1.9075605 1.6706018 3.7131524 -8.5092278 0.5473708 25.9005508 -3.0808444 0.3218123 
