Car -1.00 -1 -1.8718819 722.9849243 153.3039703 960.3983154 321.4411926 1.8266135 1.7888685 4.3266487 2.9735963 1.6168833 10.2077084 -1.5884175 0.8537112 
Car -1.00 -1 0.4495089 -355.9350891 208.8274384 266.3748169 399.8543396 1.4284725 1.6140000 4.1376915 -5.4393868 1.8040053 6.3801079 -0.2564660 0.6962984 
Car -1.00 -1 3.6458808 -24.8006973 183.8174133 406.3686523 324.4900513 1.5307425 1.6515937 4.2784333 -4.8498340 1.6951454 8.6704702 3.1358869 0.7717927 
Car -1.00 -1 -2.2762664 930.2062378 189.0539551 2731.4824219 1135.2962646 1.4083413 1.5965495 3.9547935 2.9073300 1.5979156 2.9506712 -1.4982667 0.7379230 
Car -1.00 -1 -1.7371789 681.1424561 182.3087463 753.5827026 236.6619568 1.4636557 1.5717870 3.7219119 3.3532822 1.8214391 22.7849369 -1.5910568 0.7436825 
Car -1.00 -1 -1.7264673 635.9833374 181.5804138 683.6681519 217.3098297 1.5042294 1.5816200 3.6142147 2.2319934 1.9168788 32.7140923 -1.6583456 0.6086291 
Car -1.00 -1 -2.7938205 314.8575745 186.9700470 490.0288391 249.4459991 1.4847567 1.6323844 4.0813646 -5.3125739 1.9068370 18.7241383 -3.0702834 0.4715579 
Car -1.00 -1 0.2270817 372.6152344 182.7903595 520.3727417 231.2019501 1.5310360 1.6197729 3.9532094 -5.3025155 1.9230691 23.9859562 0.0095134 0.3553507 
Car -1.00 -1 -1.6841563 618.0413208 179.6267548 659.9827881 213.2852020 1.5034606 1.6038831 3.8732684 1.4992199 1.9222344 37.2546883 -1.6439356 0.4244394 
Car -1.00 -1 -2.8072905 254.6607208 185.9018402 471.7891235 258.6485596 1.4864159 1.6646245 4.1550879 -5.2357283 1.8198791 15.6682787 -3.1297858 0.4093535 
Car -1.00 -1 3.3019969 412.0507202 175.9613647 515.1382446 221.4065857 1.8089174 1.6227733 3.6266625 -5.9391055 1.9495307 29.5523205 3.1036696 0.3567648 
