Car -1.00 -1 -1.8870035 778.8934937 184.7478333 948.6193848 295.7127075 1.4432737 1.5919156 3.4968348 4.1334772 1.7183921 12.1411276 -1.5588595 0.8483813 
Car -1.00 -1 -2.0989906 876.8489380 194.2384033 1227.7626953 390.3633728 1.4632883 1.5486922 3.3868582 4.1206079 1.7405812 7.4481206 -1.5936623 0.8472712 
Car -1.00 -1 2.2677717 -68.5349045 178.5465393 103.8183594 246.1530457 1.4644401 1.4812778 3.7728622 -15.0072584 1.6629943 18.5311031 1.5870585 0.6707851 
Car -1.00 -1 -1.7536336 734.8448486 180.7379456 832.9806519 253.7912598 1.4512606 1.6012194 3.6068335 4.1749244 1.7177801 17.5156002 -1.5196450 0.8255232 
Car -1.00 -1 -1.2100951 154.1596222 154.7239227 444.8572693 359.2313232 1.8207748 1.7103595 3.8689723 -3.2037363 1.6011380 8.3498430 -1.5764610 0.8028302 
Car -1.00 -1 -1.3493261 380.3573303 150.6823273 530.1434326 265.2616577 1.8458227 1.7926217 4.6199431 -3.1200647 1.5153036 15.1292973 -1.5527016 0.7385865 
Car -1.00 -1 -1.4890866 505.3297424 171.3700104 561.4980469 219.3724213 1.5877118 1.6803030 3.7676435 -2.8654075 1.6078398 27.3590240 -1.5934397 0.5747296 
Car -1.00 -1 -1.6637965 666.2402954 174.8296967 706.9249268 208.0656586 1.5741535 1.6251878 3.7426491 3.8447618 1.6875135 36.2243805 -1.5580549 0.5840093 
Car -1.00 -1 2.1597937 101.3598175 168.7694397 225.8607330 222.9812317 1.5050597 1.6007693 3.6044619 -14.2033844 1.4793376 23.2434483 1.6112739 0.4360065 
Car -1.00 -1 -1.5089398 477.6993713 173.3792114 549.6326294 231.9996796 1.4856778 1.6371316 3.6325934 -2.9081411 1.6116707 21.7515469 -1.6418498 0.4654840 
Car -1.00 -1 -1.6824030 698.1199951 179.0449829 772.0657349 235.0264587 1.4737757 1.6176484 3.8694994 4.0759277 1.7815095 23.3676453 -1.5097142 0.3632458 
