Car -1.00 -1 -1.8812885 741.5546875 184.6189728 1002.5110474 357.1587219 1.4663507 1.5971109 3.9283288 2.8038993 1.6671004 8.5690794 -1.5650579 0.8985015 
Car -1.00 -1 2.1401590 -387.8508606 213.2147369 356.3283081 622.1971436 1.4527982 1.6037765 3.6801772 -3.0659575 1.8272834 4.5799570 1.5502462 0.8045559 
Car -1.00 -1 -1.6903044 684.9212036 183.2327271 794.9710693 274.6893311 1.4817361 1.5762439 3.9543967 2.5105042 1.7577792 14.4483633 -1.5182650 0.8683122 
Car -1.00 -1 -2.3092637 935.9840088 171.7436371 3387.2541504 1474.5172119 1.5162805 1.6344633 4.0478959 2.8539355 1.6719186 2.5667677 -1.4709389 0.7761740 
Car -1.00 -1 1.8270222 423.8209229 191.3428802 515.7730713 248.6057587 1.4114699 1.6071631 3.9122443 -3.8988750 1.9891971 20.7802601 1.6415545 0.8307740 
Car -1.00 -1 -1.5646825 565.1131592 185.9424286 646.1491089 262.1250916 1.5325880 1.6323996 3.8144786 -0.0840712 1.8540565 16.8577099 -1.5696696 0.8350195 
Car -1.00 -1 0.1299242 195.3457489 193.4325867 274.0980530 223.0088501 1.4889779 1.6358391 3.7473457 -19.7399006 2.6108650 38.1865959 -0.3471776 0.5865008 
Car -1.00 -1 -1.6078957 663.4900513 183.4450073 721.2340088 239.0350342 1.4725208 1.5510912 4.0449724 2.5833058 1.8730165 22.7081833 -1.4946216 0.7283189 
Car -1.00 -1 3.2031123 306.7567444 188.0661469 381.9960632 215.1274414 1.5057362 1.6219256 3.9699421 -15.3473654 2.4188820 42.0047302 2.8528090 0.5020152 
Car -1.00 -1 -1.5637397 654.7353516 181.1545563 701.5865479 225.7419891 1.5373383 1.5925504 4.0406299 2.6559417 1.8772426 27.5005436 -1.4674605 0.5448457 
Car -1.00 -1 1.7847473 473.3807373 183.4115601 525.6752930 217.8617859 1.6042260 1.7230978 4.3765931 -5.7096324 2.2136299 37.6250000 1.6341453 0.3906569 
Car -1.00 -1 1.5897253 559.3512573 181.6775055 587.8795166 211.2664642 1.6142311 1.6533453 4.0859528 -2.0573077 2.1736623 42.1581612 1.5409642 0.2897286 
Car -1.00 -1 -1.5535190 591.5267334 174.3232727 646.4667358 228.9342041 1.7502052 1.6816692 4.3566966 0.3337950 1.8400198 25.4295578 -1.5403935 0.3241230 
