Car -1.00 -1 -3.8167418 871.8396606 146.4880066 1642.4786377 411.7598572 1.6346906 1.6804849 4.2764864 4.5447950 1.5372769 5.3362308 -3.1112695 0.7157987 
Car -1.00 -1 1.7354107 376.0729370 170.4548035 502.7042542 280.9025879 1.6994829 1.6067734 3.8004162 -3.1702876 1.7402794 13.8389635 1.5102123 0.8485973 
Car -1.00 -1 2.1001554 -353.6572266 158.6770020 357.2411804 578.6774292 1.8764553 1.6417834 4.0702615 -3.3316178 1.8156915 5.0216131 1.5143790 0.7497242 
Car -1.00 -1 2.8044481 678.8076172 174.3146973 859.5716553 238.4533081 1.5035489 1.6018224 4.1355443 3.9570248 1.5988982 18.3301811 3.0170603 0.6193985 
Car -1.00 -1 1.8022745 237.3783875 177.6337891 436.1853027 334.8959656 1.6063077 1.5645021 3.5553348 -3.5037835 1.7708575 9.7175798 1.4562221 0.7104785 
Car -1.00 -1 1.8376127 450.0240173 181.6895447 534.9683838 240.6014252 1.4551741 1.5525542 3.7114098 -3.4557483 1.8140244 21.6132298 1.6790643 0.6659715 
Car -1.00 -1 -0.8597367 871.2061157 157.1780853 1040.8934326 296.6847839 1.5856854 1.6264606 4.0990734 4.0385389 1.4779130 8.5826015 -0.4199259 0.3453893 
Car -1.00 -1 2.6702123 715.9905396 170.8583527 1048.7677002 286.7050476 1.4794279 1.6093336 4.2229295 3.7713704 1.5467566 10.0971050 3.0276761 0.3951657 
Car -1.00 -1 2.7097825 653.5409546 169.7434845 802.4785156 228.2607880 1.6321262 1.7309022 4.2431784 3.5569615 1.6720453 21.8632774 2.8710606 0.3844591 
Car -1.00 -1 1.7169277 496.3112793 173.0610657 548.7182617 219.0720978 1.7921081 1.6526109 3.7447228 -3.7748704 1.8691233 31.6137638 1.5980844 0.4185742 
