Car -1.00 -1 -1.1299737 -115.1310959 192.9393921 420.4326172 519.2943115 1.4042004 1.5811143 3.9997962 -2.6870849 1.6235134 5.4178476 -1.5903914 0.8392461 
Car -1.00 -1 -1.9796319 804.9506836 164.1896667 1106.5853271 334.9705811 1.6038668 1.6699543 4.2726812 3.9534390 1.5352703 9.1399908 -1.5713897 0.8650801 
Car -1.00 -1 -1.3476062 335.6545410 181.2982941 489.9570007 290.4660645 1.4036660 1.5585515 3.5602112 -3.0768895 1.6070705 11.8227825 -1.6022092 0.8412207 
Car -1.00 -1 -1.4548116 490.1820984 168.9472809 557.5354614 223.4670715 1.5481832 1.6402785 3.8542879 -2.8230147 1.4993714 24.0485172 -1.5716652 0.7816327 
Car -1.00 -1 -1.4347993 419.7138062 164.1702881 523.0962524 251.6063690 1.6523433 1.6714287 3.9169962 -3.0980468 1.5353311 16.6053619 -1.6192478 0.7491026 
Car -1.00 -1 -1.6751063 672.9464111 178.6343536 712.7910156 208.4646301 1.4037381 1.5881679 3.7882144 4.2371426 1.7252526 36.9412651 -1.5609059 0.6632292 
Car -1.00 -1 2.0315441 160.3294525 177.6571198 258.7769470 217.1911011 1.3814621 1.5526792 4.0701342 -15.2496567 1.6091480 27.7384205 1.5288801 0.4977747 
Car -1.00 -1 2.0795383 -50.5844078 176.2462006 188.0701141 271.6702881 1.3388330 1.6939391 4.5445547 -10.5070114 1.5884363 14.4862480 1.4520273 0.5258002 
Car -1.00 -1 -1.4914887 552.8995972 172.3647919 577.5849609 192.4929047 1.4643584 1.6007864 3.7011955 -3.3219752 1.4428075 54.9191170 -1.5519036 0.4420490 
Car -1.00 -1 1.8774599 282.6215210 171.9068909 339.6203308 206.2228546 1.5742568 1.4941769 4.0116482 -14.9928656 1.5794561 36.3930817 1.4866772 0.3672459 
