Car -1.00 -1 -1.2715262 232.5584412 192.5475464 482.4611206 356.3275757 1.4515898 1.6354212 4.0357423 -2.6866970 1.7075306 8.7349291 -1.5699233 0.8845897 
Car -1.00 -1 -1.9171185 763.7412720 178.1493988 959.9848022 296.8663025 1.6003364 1.6583018 3.9459035 3.9487424 1.7224786 12.0775776 -1.6011255 0.8692457 
Car -1.00 -1 2.0996327 175.4686127 184.1551361 309.0080566 239.3054504 1.4462571 1.6464553 4.1946254 -11.1694527 1.8792882 22.3547001 1.6362678 0.7758608 
Car -1.00 -1 2.1327281 95.1599197 183.0022736 213.2233124 231.2005005 1.4503262 1.6632432 4.0804877 -16.1961689 1.9106479 26.0282249 1.5761058 0.7100755 
Car -1.00 -1 -0.7938477 1058.7672119 194.6203613 1301.9249268 273.2310181 1.4358745 1.6464276 4.1290979 12.1891479 1.9606652 15.5894337 -0.1302503 0.6355896 
Car -1.00 -1 -1.4071575 410.6182556 186.6132507 520.1159058 267.4602356 1.4031556 1.5416291 3.5973639 -2.9799702 1.7575055 15.2232380 -1.6004646 0.7644139 
Car -1.00 -1 -1.4525516 453.9223938 173.0842133 538.4479980 245.8193359 1.7505480 1.7211512 3.9601238 -3.1442409 1.8266121 20.3164558 -1.6060967 0.6911617 
Car -1.00 -1 -1.6790418 669.7554932 187.1315155 707.1665649 214.9849548 1.4169084 1.5898339 3.8535054 4.2717733 2.2021158 39.3476791 -1.5709006 0.6284277 
Car -1.00 -1 2.3338722 -187.5896301 178.4652252 50.8143196 258.1979675 1.5426875 1.6647985 4.3356214 -15.5710516 1.7418417 16.8697815 1.5884864 0.4502730 
Car -1.00 -1 -0.6655974 -1949.7604980 170.4701843 259.0533752 1228.9824219 1.4570485 1.6159859 3.9985991 -2.9833424 1.6188908 2.2195172 -1.5967630 0.5152661 
Car -1.00 -1 -1.4827655 509.9421997 178.9400482 565.5905151 225.8847809 1.5216171 1.6174803 3.7777474 -2.6905594 1.8267122 27.1379738 -1.5815862 0.5921387 
Car -1.00 -1 -1.5155966 560.5365601 180.9226990 584.0571899 201.3514709 1.4917605 1.5757911 3.5588431 -2.8489332 2.1358314 55.4039307 -1.5669725 0.3187358 
