Car -1.00 -1 3.6327849 -500.6338806 188.8119965 267.2320862 459.3583679 1.5763806 1.6345284 4.1179938 -4.9542828 1.7877350 5.3728185 2.8878925 0.7145346 
Car -1.00 -1 -1.7933449 696.1915894 180.1539917 785.3903198 242.8326721 1.4906390 1.5604744 3.6875212 3.4145381 1.7071440 19.4118023 -1.6192260 0.8559236 
Car -1.00 -1 -2.0030120 765.6373291 139.0187378 1211.8273926 427.8271790 1.8873923 1.7672136 4.5176458 3.0278263 1.6191625 6.9086719 -1.5899600 0.8060540 
Car -1.00 -1 -1.7427505 637.3877563 177.1862793 693.5789185 217.8368073 1.5137758 1.5954783 3.6571100 2.2004218 1.7059486 29.0941277 -1.6672630 0.7968310 
Car -1.00 -1 3.4038801 98.7522736 184.1124420 421.0275574 289.6314087 1.4784503 1.6588597 4.3043137 -5.2666211 1.7087423 11.2908421 2.9674304 0.7603586 
Car -1.00 -1 -1.6706951 617.4528198 175.0810242 662.8697510 211.5816956 1.4811884 1.6272355 3.8596771 1.4415355 1.6580366 34.2664986 -1.6286515 0.6262419 
Car -1.00 -1 3.3248752 390.2951050 170.7063599 502.5721130 219.4542847 1.7628133 1.5927472 3.6871867 -6.0877037 1.7279139 27.0456390 3.1034751 0.4645646 
Car -1.00 -1 3.4586055 231.1424408 182.9174500 464.7133789 259.5068054 1.4664237 1.6347443 4.1493378 -5.2594957 1.7342860 14.8149557 3.1174722 0.5192475 
Car -1.00 -1 -1.6370594 561.9373169 172.2663879 590.0101929 195.8381500 1.6071388 1.6685295 3.9621885 -2.4419279 1.6012653 52.1980667 -1.6838073 0.4330644 
Car -1.00 -1 0.2567595 336.9143066 176.6422272 497.5478821 235.0899048 1.5198742 1.5485696 3.8927648 -5.3255572 1.7261698 20.2632122 -0.0002472 0.3381958 
