Car -1.00 -1 -1.5192566 855.9753418 148.2522583 940.2283325 224.1069946 1.5301036 1.6707464 3.6579349 6.8719473 1.0259161 16.9755192 -1.1346061 0.8723338 
Car -1.00 -1 -1.6656276 972.5495605 153.0702820 1078.9299316 237.8915710 1.4022548 1.5365124 3.6240962 8.3238745 1.0969976 14.6281452 -1.1482904 0.8297306 
Car -1.00 -1 -1.0708484 1028.7858887 173.4327698 1725.5882568 515.0254517 1.4065111 1.5716119 3.7733996 4.8409996 1.4789757 4.4482121 -0.2431911 0.6792537 
Car -1.00 -1 1.8794123 606.4627075 145.7138367 661.9130859 178.4343262 1.5232543 1.5948949 4.0825191 1.3496109 0.1416326 38.5510712 1.9144064 0.7079739 
Car -1.00 -1 1.9359654 653.8744507 145.1885986 700.1174927 170.6794739 1.5200604 1.6045027 3.7602770 4.4098434 -0.2214978 46.5448112 2.0304275 0.5784792 
Car -1.00 -1 1.9692890 560.1672363 150.1900482 625.9095459 185.1955261 1.4783330 1.5184225 4.0171146 -0.6771201 0.4545169 33.8078384 1.9492632 0.5909670 
Car -1.00 -1 -1.6004911 963.8547363 141.7073059 1027.0335693 197.7814941 1.4259542 1.5659953 3.6885164 11.9563618 0.5849316 22.3742981 -1.1097198 0.4216562 
Car -1.00 -1 -2.7477829 320.4114685 161.1298065 431.9567261 199.2932434 1.3425964 1.5764863 3.6886935 -8.5432854 0.9548187 26.5737877 -3.0588396 0.3923156 
Car -1.00 -1 -0.8815443 985.4816895 160.8103027 1353.4167480 296.4738159 1.4090030 1.5341862 4.2568965 7.6652007 1.4489335 9.8001242 -0.2177806 0.3824580 
Car -1.00 -1 -1.5820716 963.0255737 136.0751648 1020.3345337 189.9658203 1.5266367 1.5679352 3.5097601 12.4653511 0.4302976 23.5466843 -1.0951903 0.3512406 
