Car -1.00 -1 -1.3454010 329.2581177 192.5332336 448.9836121 271.7653809 1.4558269 1.6635109 3.9082224 -4.7105365 1.9254315 16.0252018 -1.6312940 0.8865202 
Car -1.00 -1 2.0379222 26.9846172 202.6335449 161.1445770 269.6356506 1.4732161 1.6134486 3.6553664 -13.8438377 2.3955668 19.6823788 1.4249434 0.8062394 
Car -1.00 -1 2.1555490 810.0997314 170.5030212 952.0328369 242.8070679 1.5870235 1.5932851 3.8782341 7.2570710 1.6559660 18.9227676 2.5217595 0.7688089 
Car -1.00 -1 1.9732849 971.2191772 178.5907898 1165.6976318 272.7335815 1.5349491 1.7243485 3.9444976 8.7324305 1.7211486 13.5523958 2.5456750 0.7705138 
Car -1.00 -1 1.9973192 153.6196442 194.6464233 253.5967407 244.9600067 1.5892549 1.7092992 4.1178122 -14.7059975 2.4464997 26.4317188 1.4895933 0.7902852 
Car -1.00 -1 2.0905486 876.8447266 177.8105164 1050.0389404 253.8359985 1.4850810 1.6813395 4.1650882 8.2288542 1.6917256 16.4751301 2.5537732 0.7266024 
Car -1.00 -1 -1.5634894 486.9044800 180.1383820 532.2996826 223.0779266 1.5972507 1.6902478 3.5733283 -4.0081215 1.9068969 29.0374985 -1.7006552 0.8346099 
Car -1.00 -1 1.8746896 238.8910065 199.4071045 287.5800476 225.8268433 1.4155245 1.6184312 3.8992262 -20.4058571 3.0223022 42.7110863 1.4289877 0.6000229 
Car -1.00 -1 2.2169483 -138.0013123 210.7189331 35.4514351 282.0579224 1.4372160 1.5839510 3.6918242 -17.0043144 2.5552093 18.8692856 1.4834907 0.4450688 
Car -1.00 -1 2.2952165 765.4274902 173.0211182 892.9097900 231.7225189 1.5871936 1.5845437 3.9638524 7.0552845 1.7319404 22.8096447 2.5951939 0.5355207 
Car -1.00 -1 1.9211647 1102.9273682 166.9221649 1392.0421143 314.1112366 1.5399321 1.6213194 3.8633478 8.4358034 1.5701972 9.5783997 2.6432202 0.5073957 
Car -1.00 -1 -3.2723682 677.8975220 171.6864166 781.6014404 215.1668091 1.6673647 1.6680954 4.0616860 4.9777021 1.6959157 30.0601463 -3.1082659 0.3765273 
