Car -1.00 -1 0.7107151 -244.6130066 179.2967377 349.5785522 394.3097839 1.5599875 1.6203361 3.6968992 -4.5420966 1.6683787 6.1525455 0.0747786 0.8112495 
Car -1.00 -1 -1.9937841 822.9244995 182.4529419 1230.4267578 420.2323303 1.4571837 1.6110878 4.0434046 3.3890116 1.5984417 6.7804594 -1.5302802 0.8561459 
Car -1.00 -1 -1.7613495 741.9229736 182.7120972 882.1313477 284.6651917 1.4360392 1.5944206 3.7935622 3.4943006 1.6861143 12.9453945 -1.4977065 0.8783323 
Car -1.00 -1 -1.6717221 713.4025879 178.5313568 797.6401367 250.4884949 1.4710654 1.5772848 3.5328565 3.6787467 1.7107754 18.3066711 -1.4734122 0.7649193 
Car -1.00 -1 0.3574269 439.9875183 173.5432892 567.0353394 219.4995422 1.5608311 1.6419873 4.1094465 -3.8647108 1.6354890 26.7272377 0.2138240 0.6310213 
Car -1.00 -1 -1.7005649 680.7409058 177.2593079 744.5105591 227.4016266 1.5154462 1.6219939 3.7901893 3.6381907 1.7418890 25.6274796 -1.5595428 0.6644605 
Car -1.00 -1 0.6351925 82.8087006 144.1266937 464.2608948 323.7658386 1.8225276 1.6231201 3.7616980 -4.0274057 1.5724069 8.6461515 0.1992746 0.5614158 
Car -1.00 -1 0.5705050 218.6044006 168.3441467 513.7819824 269.5698242 1.4837477 1.6260720 4.1452050 -4.0272117 1.5375834 12.1196356 0.2496953 0.5078428 
Car -1.00 -1 -1.6198960 667.4886475 178.4183960 703.6228027 210.3403320 1.4674792 1.5708456 3.6415787 3.9548936 1.8079387 37.5574799 -1.5149802 0.5272906 
Car -1.00 -1 -2.5653017 1173.2938232 223.6952667 3577.5295410 1489.5469971 1.6004227 1.6505167 3.9707758 3.3795495 1.7360861 1.8291986 -1.4906099 0.2705364 
