Car -1.00 -1 -2.0238688 851.5718384 178.3550110 1376.4968262 501.6557312 1.4673449 1.5592114 3.4243689 3.0076504 1.5667006 5.2338753 -1.5022970 0.8463501 
Car -1.00 -1 -1.8405670 717.9833984 168.2926483 894.4869385 290.3965759 1.4912308 1.5868982 3.6934035 2.9386916 1.4991696 11.3731966 -1.5877099 0.8843475 
Car -1.00 -1 2.1879993 -8.7818937 197.7194672 158.2050781 267.9461365 1.4746505 1.6406972 4.0137625 -14.4458723 2.2906863 19.8998432 1.5600824 0.7847461 
Car -1.00 -1 -1.7320060 668.5741577 167.7636414 756.0452271 234.2285156 1.5382856 1.6436517 3.8108540 2.7647467 1.4711839 19.7797470 -1.5931292 0.8475364 
Car -1.00 -1 2.1151247 167.8831635 193.2641296 253.8424377 229.1563110 1.4656212 1.5635343 4.1350598 -18.2006760 2.4406453 33.2359657 1.6141107 0.6629075 
Car -1.00 -1 2.0006699 246.9018402 189.5964050 305.7549744 218.2529144 1.4512601 1.5489465 3.8399711 -18.4499722 2.4151843 40.1877441 1.5702788 0.6355761 
Car -1.00 -1 1.8043728 392.4868469 175.0960083 434.0590820 201.8255310 1.5999976 1.7742567 3.7634881 -12.8067513 1.7983297 47.3936157 1.5404550 0.5982143 
Car -1.00 -1 1.9352914 345.2625122 183.2034912 385.2221375 204.7884369 1.4233676 1.6528980 3.5617974 -17.7343750 2.2405813 52.6008110 1.6101096 0.5283935 
Car -1.00 -1 -1.6969440 637.0441284 171.1870270 689.5273438 212.5058746 1.5009300 1.6009881 3.6154401 2.1913221 1.4858016 29.7542648 -1.6234294 0.6096564 
Car -1.00 -1 2.2047313 -94.1875687 197.7633057 63.9888802 266.3368225 1.5361055 1.5480565 3.5872350 -17.8402481 2.4206178 20.8935528 1.4979984 0.3589066 
