Car -1.00 -1 -2.1408039 803.7399902 177.0003357 1509.5202637 561.7550049 1.4678971 1.5979836 4.0422144 2.7453322 1.5706269 4.8207231 -1.6231238 0.8354211 
Car -1.00 -1 0.6888445 -263.2263489 180.5528870 342.4440002 387.9888306 1.5438157 1.6373562 4.0973182 -4.8255939 1.6751180 6.3792605 0.0412279 0.8173776 
Car -1.00 -1 -1.8165349 729.1556396 173.3512115 893.4091797 293.1224670 1.6213633 1.6025770 3.8907645 3.1637940 1.6636128 12.0065813 -1.5588866 0.8910606 
Car -1.00 -1 0.4645263 177.8484802 163.9678955 481.2859192 283.2490540 1.6694247 1.6736368 4.1094623 -4.4767909 1.5915204 11.7700558 0.1010697 0.8154003 
Car -1.00 -1 -1.6802844 682.8364868 176.0702820 775.1850586 254.3837585 1.5175730 1.5817273 3.9170880 2.8332226 1.6894155 17.4305935 -1.5191505 0.7979498 
Car -1.00 -1 -1.6283394 655.0120850 177.7532043 706.4838867 223.8060608 1.4304701 1.5997419 3.7399917 2.7110159 1.7144592 27.4389839 -1.5298574 0.6829993 
Car -1.00 -1 -2.8012525 308.1801758 174.6430054 514.7614746 244.3227386 1.5014334 1.6122305 4.2457995 -4.5008097 1.6153017 16.6695232 -3.0649664 0.5594123 
Car -1.00 -1 -1.6403978 679.7418823 179.2778015 737.3458862 231.9075165 1.4793955 1.5007211 3.3417685 3.1359680 1.7331982 23.1951237 -1.5060132 0.4379512 
Car -1.00 -1 -1.6552250 648.8457642 172.1989594 689.3139648 208.8792877 1.7196964 1.6381811 3.9451818 3.1238995 1.7360477 37.8906860 -1.5729660 0.4033149 
Car -1.00 -1 -2.8952573 414.2362671 171.7479858 537.4398804 226.9147949 1.7215245 1.6349267 3.5437188 -4.2552304 1.7346007 23.4034958 -3.0751128 0.3389155 
