Car -1.00 -1 -1.9576499 797.1911621 173.1408844 1161.0622559 411.1126404 1.4570434 1.5695617 3.4730873 2.9539454 1.5377520 6.5469136 -1.5338013 0.8674414 
Car -1.00 -1 -1.8155788 705.2748413 168.8718109 856.3469849 277.9452209 1.5190283 1.6094890 3.6091537 2.9254005 1.5376693 12.7714863 -1.5904061 0.8759940 
Car -1.00 -1 2.1292808 48.5015068 197.1277924 192.7410278 259.6192627 1.4514052 1.6558722 3.7923477 -14.1106625 2.2708512 21.1916828 1.5418379 0.8105275 
Car -1.00 -1 -1.7197480 663.7385864 168.6261749 744.1410522 230.6842651 1.5494950 1.6503004 3.7742701 2.7596626 1.5025071 21.3468857 -1.5911840 0.8125298 
Car -1.00 -1 2.2031323 -65.6423264 198.8632050 85.7990799 265.1146851 1.5390075 1.5889736 3.6408682 -17.3518505 2.4212273 21.2028103 1.5172870 0.6158574 
Car -1.00 -1 2.0971218 184.8096771 192.3573456 267.6573792 228.0705719 1.4704977 1.5819498 4.2041984 -17.9982109 2.4382891 34.1493225 1.6120734 0.7170471 
Car -1.00 -1 1.9904783 256.2713623 189.4261017 313.8627930 218.1589966 1.4667797 1.5532770 3.8815167 -18.2773209 2.4463286 40.8544693 1.5698084 0.6028430 
Car -1.00 -1 1.9141511 350.9243469 183.8225403 389.7788696 205.2166901 1.4536413 1.6731364 3.4403460 -17.5412025 2.3031951 53.1084099 1.5951416 0.4966246 
Car -1.00 -1 -1.6974728 634.8010254 171.9022522 685.1577759 211.6265106 1.4967290 1.6041274 3.6478503 2.1888483 1.5237018 31.4971256 -1.6280907 0.5932126 
Car -1.00 -1 1.7889410 400.9373779 176.1536407 437.7952881 200.9840546 1.6183987 1.7663435 3.8178990 -13.0902929 1.8732954 49.9844856 1.5328062 0.3413456 
