Car -1.00 -1 -1.7721048 696.4711304 178.9871521 814.5599365 262.3606873 1.4397012 1.5801399 3.6622767 2.8398886 1.5974797 14.7677402 -1.5821205 0.8830626 
Car -1.00 -1 -1.8776643 758.1317749 196.4866943 1052.3446045 381.2072144 1.3706990 1.6313304 3.9291608 2.8758035 1.6867304 7.9004459 -1.5285676 0.8519742 
Car -1.00 -1 -2.2793131 875.2111206 195.6144409 3137.8645020 1404.8135986 1.4726274 1.6285126 3.9184432 2.5438459 1.6913999 2.6576545 -1.5157914 0.7637028 
Car -1.00 -1 -1.5824584 574.0042114 169.1303711 640.3400879 230.6336670 1.5666742 1.6820909 3.5868313 -0.0681421 1.4956828 20.4568005 -1.5857894 0.8191609 
Car -1.00 -1 -1.6624205 679.4281006 174.2546234 750.6676636 235.9833984 1.4720415 1.5470108 3.5089817 2.9039714 1.5668961 20.1052361 -1.5189739 0.7758218 
Car -1.00 -1 1.9403876 285.2037048 177.8862152 348.1817932 209.9779663 1.4161903 1.5998725 3.7893739 -14.3978329 1.7128546 35.7479782 1.5575048 0.7215408 
Car -1.00 -1 1.8405735 391.1348572 169.4283600 433.8994141 195.4105682 1.5444254 1.6587402 4.1143584 -12.6170330 1.3615343 46.5235786 1.5757468 0.6786466 
Car -1.00 -1 2.2964010 -146.3491058 185.7690887 65.3593445 262.7284546 1.4518510 1.5865511 3.8003342 -14.7995949 1.8094360 16.7289696 1.5721211 0.5668717 
Car -1.00 -1 -1.6218113 647.6854858 171.9749603 693.8818359 213.8014221 1.4570032 1.5437824 3.7822809 2.3208480 1.4549324 27.9059181 -1.5388354 0.7258953 
Car -1.00 -1 1.9335334 331.9936523 171.9072723 390.9001160 203.2555389 1.5181781 1.7381660 3.8571887 -13.7838020 1.5424926 40.2168999 1.6033440 0.5774966 
