Car -1.00 -1 -1.3415729 328.8788452 180.7666016 509.0302429 303.0289917 1.4342365 1.6008167 4.2889061 -2.7382300 1.6215007 11.1547174 -1.5822904 0.8800971 
Car -1.00 -1 -1.8748625 747.9138794 172.5275269 901.4001465 272.2360840 1.6230432 1.6487232 3.8533483 4.0270329 1.6582090 14.2287540 -1.5990548 0.8694776 
Car -1.00 -1 -0.9447017 -475.3182678 152.1063232 401.3162537 638.6752930 1.7559817 1.7175928 4.0742736 -2.8693428 1.7186813 4.3627262 -1.5264673 0.7748729 
Car -1.00 -1 1.9365703 245.5848846 173.4528961 358.4605408 229.1158295 1.4044263 1.6236986 3.9797599 -8.7059402 1.4722698 20.7490845 1.5392978 0.6435455 
Car -1.00 -1 -0.7190074 1015.0686646 189.9824829 1207.0540771 254.6042938 1.4745708 1.6139265 3.9323118 12.7309809 1.9496193 18.4702930 -0.1155205 0.6609544 
Car -1.00 -1 -1.4369392 442.9931335 177.7750549 531.7716675 245.3307343 1.4184207 1.5588585 3.5792193 -2.9368713 1.5967578 17.6670303 -1.6016674 0.7369052 
Car -1.00 -1 -1.4950457 520.4772339 172.1492920 568.8972168 214.5318604 1.5482281 1.5943363 3.8630600 -2.6650107 1.5856466 29.8960857 -1.5839531 0.6268116 
Car -1.00 -1 -1.6830307 666.5953369 179.0689850 704.0355225 206.8998260 1.4047366 1.5882704 3.6972120 4.0999246 1.7678002 39.2883186 -1.5790522 0.5006178 
Car -1.00 -1 -1.5512870 565.5185547 174.2241821 586.3453979 193.5831146 1.4976749 1.5641172 3.5819852 -2.7231150 1.6388740 58.6595840 -1.5976760 0.4033184 
Car -1.00 -1 -1.4640809 475.4565735 166.6111298 549.1415405 230.4041138 1.7848804 1.7166958 3.9390531 -3.0718477 1.6539290 23.0414429 -1.5966177 0.4459914 
