Car -1.00 -1 2.0493589 4.7773705 219.6070557 333.1654968 398.6822510 1.4023938 1.5550991 3.8412118 -4.6002603 2.0276443 8.3030138 1.5434139 0.8626569 
Car -1.00 -1 1.8272811 272.9853516 199.9837952 426.2429810 306.8919983 1.4492069 1.5982581 3.8727276 -4.4315453 2.0196316 12.8679743 1.4956167 0.8678386 
Car -1.00 -1 -0.7442972 969.3472900 204.6202393 1413.3197021 370.6513367 1.3847018 1.5651382 3.7563784 5.9057655 1.7837173 7.5009375 -0.0773255 0.7473975 
Car -1.00 -1 -0.2449757 668.6260986 187.3511200 791.4456177 234.9478607 1.5255390 1.6270374 4.0573964 4.2084355 2.1016968 25.3176098 -0.0802562 0.6030767 
Car -1.00 -1 -0.5613888 869.3148804 183.1204529 1215.7747803 319.7250671 1.5114803 1.6272495 3.8424289 5.6438222 1.7516670 9.4821625 -0.0245031 0.6122541 
Car -1.00 -1 -0.3423477 729.2489014 187.8218994 887.7491455 248.2551575 1.5383383 1.6551571 3.8898005 5.5295582 2.0564201 20.4816151 -0.0786576 0.5094985 
Car -1.00 -1 -1.8440657 648.8325806 185.5193024 712.4971924 231.1085358 1.6354505 1.6122801 3.7512832 2.7725589 2.2094632 29.0651798 -1.7489624 0.4035961 
Car -1.00 -1 2.6715611 790.8258667 193.1655731 1031.4321289 288.6665649 1.4949216 1.6631728 3.9789739 5.1180086 1.8735766 12.3626242 3.0640697 0.3106421 
Car -1.00 -1 2.7299896 770.3711548 188.0525208 949.1182861 259.7593689 1.5210257 1.6253088 3.9445570 5.6528921 1.9405729 16.5169239 3.0597422 0.2854913 
Car -1.00 -1 1.6935343 410.8045654 180.5379639 467.9627380 231.3706055 1.7784431 1.6344227 3.8651874 -6.7659984 2.1609523 28.9164200 1.4636848 0.3446056 
