Car -1.00 -1 1.8179462 293.0935059 196.0366211 473.8390503 326.2085571 1.4872931 1.6320837 3.7032585 -3.1394107 1.9196010 10.8380489 1.5359972 0.8954803 
Car -1.00 -1 -1.8375441 721.4951172 183.3834534 925.3867798 321.6664429 1.4525837 1.5640250 3.8921711 2.7555804 1.6671748 10.0209999 -1.5691960 0.8948716 
Car -1.00 -1 -2.0923000 870.8616943 185.7503357 1660.6446533 646.1462402 1.5106572 1.6110376 3.7750528 2.8539717 1.6592689 4.1852612 -1.4938184 0.8247747 
Car -1.00 -1 -1.6442562 674.9393921 182.4303284 767.0167236 265.9966125 1.5044931 1.5569696 4.0364094 2.4018602 1.7941601 15.9663734 -1.4949434 0.8616521 
Car -1.00 -1 -1.5691127 556.7866211 184.5948029 643.2397461 266.6203613 1.5592769 1.6487185 3.8299315 -0.1990248 1.8272949 15.8699436 -1.5816530 0.8664490 
Car -1.00 -1 0.0850092 207.8726807 193.4932709 281.7739563 223.1053619 1.5153420 1.7284932 3.4758115 -19.9948215 2.7122389 39.9052467 -0.3794840 0.6478737 
Car -1.00 -1 1.8040086 468.8677979 185.7707214 539.4935913 231.6612396 1.4460474 1.6446857 3.9608600 -3.7132454 1.9594545 26.0483742 1.6624107 0.7630694 
Car -1.00 -1 -1.5989878 655.5804443 182.3742828 709.6601562 234.8492737 1.4826659 1.5533828 3.9913366 2.4287877 1.8605372 23.9710236 -1.4980106 0.7284083 
Car -1.00 -1 0.1092268 314.3542786 188.1177673 382.4371948 212.6542206 1.5481168 1.6635433 4.0081782 -17.3492546 2.6123665 48.1964912 -0.2363015 0.4011449 
Car -1.00 -1 -1.5193705 645.3722534 180.4288788 692.4357910 225.1462555 1.5412958 1.5740277 3.8967934 2.4532492 1.8889941 28.1464195 -1.4324299 0.3946641 
