Car -1.00 -1 -1.8548002 730.5794678 184.6890259 959.1215820 339.3614502 1.4610255 1.5811954 3.8986323 2.7541459 1.6730735 9.2684994 -1.5659590 0.8960393 
Car -1.00 -1 1.9178783 135.5592194 202.7370605 432.2042236 399.1101685 1.4593878 1.6311796 3.6451516 -3.0921211 1.8669494 7.7562046 1.5385240 0.8740820 
Car -1.00 -1 -2.1897487 894.8060303 183.2422638 2154.1457520 882.0477905 1.4918282 1.6051149 3.8613491 2.8065901 1.6439384 3.3559408 -1.4932592 0.7919440 
Car -1.00 -1 -1.5713152 561.7124634 184.9587708 644.9255981 264.1072388 1.5568485 1.6415695 3.8844676 -0.1343968 1.8455734 16.3712883 -1.5795243 0.8778341 
Car -1.00 -1 -1.6666801 679.2611694 183.6349640 778.9400635 271.0432434 1.4934065 1.5405345 3.9826427 2.4642942 1.8032750 15.3147907 -1.5071383 0.8704587 
Car -1.00 -1 1.8214657 449.2325439 187.8519592 528.6605835 238.7014923 1.4288821 1.6067996 3.8924470 -3.7940512 1.9589435 23.3267040 1.6602292 0.8300544 
Car -1.00 -1 0.1871929 202.2115021 193.4914856 279.6972351 222.7673798 1.4903238 1.6998569 3.6092265 -19.7993660 2.6414993 39.0307961 -0.2822581 0.6591606 
Car -1.00 -1 -1.6042871 659.2745361 184.3522797 715.6002197 237.6264496 1.4694651 1.5662651 4.0392275 2.5095820 1.9007987 23.4122219 -1.4975038 0.6600971 
Car -1.00 -1 -1.5536907 650.8297119 180.8744202 696.8544922 225.1987610 1.5877925 1.6140826 3.9963973 2.6051378 1.9310443 28.5748711 -1.4627732 0.5413461 
Car -1.00 -1 0.0581337 311.0406494 187.7864227 379.8344727 215.2626343 1.5518388 1.6720334 3.8469839 -15.7655306 2.4792972 43.2600174 -0.2913438 0.3056425 
