Car -1.00 -1 -1.3267707 347.1472473 168.6502991 517.1894531 289.8039551 1.6705902 1.6806482 4.1564469 -2.8752141 1.6287810 12.4502888 -1.5537274 0.8681538 
Car -1.00 -1 -1.1361019 -41.9027939 201.8404236 412.4729614 461.9708252 1.3382151 1.6262575 3.8788362 -3.0187848 1.6496142 6.1929317 -1.5896645 0.8232758 
Car -1.00 -1 2.1734214 2.7119255 170.0085144 151.2034302 234.2909088 1.5410341 1.5994924 3.8181338 -15.5710745 1.5581626 21.2972775 1.5421070 0.7134592 
Car -1.00 -1 -2.1130821 897.0239868 198.1189270 1395.3155518 447.4296265 1.4541013 1.6521003 3.9188550 4.1792459 1.7321560 6.4693346 -1.5395179 0.7703828 
Car -1.00 -1 -1.7742266 711.9642944 173.4891663 799.0786743 236.1806793 1.6704766 1.6803643 3.9276333 4.2896647 1.7231691 21.8251152 -1.5801532 0.7806677 
Car -1.00 -1 1.9748240 260.1952209 174.7634277 337.9607544 209.5781860 1.4704685 1.6638527 4.3943906 -14.2097178 1.6006171 33.2990799 1.5714889 0.6773898 
Car -1.00 -1 2.0981736 142.6080017 171.5140686 264.3579712 221.3771210 1.5142558 1.7123892 4.2661605 -14.2368584 1.5392129 25.5020370 1.5890081 0.6385460 
Car -1.00 -1 -1.4614695 472.4717102 177.6003876 555.6902466 244.3981476 1.4287511 1.5891027 3.8270099 -2.5070672 1.6498609 19.1671734 -1.5915312 0.7203348 
Car -1.00 -1 -0.1214296 909.4326172 182.9935150 1016.5930176 226.6661987 1.5664263 1.6843749 3.5383167 13.6428070 1.9875605 27.7925930 0.3348949 0.5388642 
Car -1.00 -1 -0.4023005 1072.5339355 179.9369202 1253.6081543 256.1371155 1.5036604 1.5635070 3.7735028 12.5903625 1.7533500 16.5673943 0.2475371 0.2269076 
