Car -1.00 -1 0.6586568 -233.9350586 161.6778412 366.5927124 380.6583862 1.6754940 1.6540579 4.0235300 -4.6272902 1.6180905 6.4781041 0.0383998 0.8182278 
Car -1.00 -1 -1.9906263 818.8093262 176.3929291 1260.7032471 450.7376709 1.5450315 1.6370739 4.0258641 3.1196678 1.6237439 6.1907511 -1.5238445 0.8530663 
Car -1.00 -1 -1.8035325 717.9036865 179.8184052 881.0997925 298.4796753 1.4875162 1.5892752 3.7507052 2.9303861 1.6808438 11.6621580 -1.5573560 0.8564295 
Car -1.00 -1 -1.6455429 667.1386108 178.0090942 733.7520142 236.6859741 1.4663186 1.5586742 3.8219047 2.7436862 1.7077634 22.0168362 -1.5215644 0.7701828 
Car -1.00 -1 -1.7237892 696.6479492 178.1587219 790.3952637 253.9672699 1.4863566 1.5186856 3.4109600 3.1521413 1.6922542 17.1703739 -1.5422306 0.7662126 
Car -1.00 -1 -1.6703759 656.3866577 170.5699921 706.6175537 216.4430542 1.7153298 1.5974311 3.7012632 3.0135627 1.6778600 30.4033623 -1.5715792 0.6314313 
Car -1.00 -1 -2.5983590 158.2791748 175.8303680 475.9367371 283.4534607 1.4950994 1.6151948 4.1013913 -4.4098825 1.6112406 11.1695271 -2.9743865 0.6015348 
Car -1.00 -1 -2.7356683 347.7127991 169.4880371 526.0252686 244.2249451 1.7955921 1.6693151 3.8052459 -4.2946777 1.7585192 18.2893047 -2.9663088 0.4656286 
Car -1.00 -1 -1.6065548 646.2691650 175.3357849 678.5765381 205.3279266 1.4663340 1.6067659 3.9479234 2.9738693 1.6770615 40.6966286 -1.5336103 0.3788117 
Car -1.00 -1 -2.7693949 303.2116394 181.1494446 488.3484802 252.0585327 1.4859093 1.5854824 3.5370705 -4.5900402 1.7190549 15.7417030 -3.0531135 0.3752933 
