Car -1.00 -1 -2.1627478 864.7370605 193.1160736 1669.5749512 631.4038086 1.4139647 1.5491619 3.7208421 2.9269331 1.5967959 4.3798947 -1.5736390 0.8245390 
Car -1.00 -1 -1.9200591 754.0987549 176.6394501 966.6868286 320.8253479 1.4714469 1.5381259 3.4406817 3.2081339 1.6031671 9.8226652 -1.6043760 0.8715774 
Car -1.00 -1 -1.6944548 696.8193359 176.2941589 805.6400757 266.8145142 1.4943401 1.5538015 3.8550444 2.8181937 1.6385061 14.7909069 -1.5061760 0.8602078 
Car -1.00 -1 0.6260354 -228.5493164 191.0799103 325.9408264 369.0026245 1.4807748 1.6074355 3.9891634 -5.1080608 1.6946903 6.8144393 -0.0172056 0.7427432 
Car -1.00 -1 -2.5939002 0.4771315 177.0217590 396.9197083 309.6910095 1.4572033 1.5686890 3.8420146 -4.7854328 1.5798246 8.6900692 -3.0972641 0.7146837 
Car -1.00 -1 -1.6517679 673.5917358 166.6406708 735.9202881 225.1068420 1.7203641 1.5912538 3.7187562 3.1885293 1.5757485 24.3322315 -1.5214690 0.7299375 
Car -1.00 -1 3.9285514 -816.5320435 192.8271637 256.8316650 560.5386353 1.4875886 1.5970411 3.8339241 -4.3168736 1.6635706 3.8475094 3.0857272 0.5486114 
Car -1.00 -1 -2.6330735 167.6127930 163.6824646 480.3107605 285.4038696 1.7729185 1.6875342 3.8970983 -4.2875209 1.6745011 11.1554861 -3.0000091 0.6214556 
Car -1.00 -1 -1.6448023 652.7935791 172.4785614 698.6350098 210.5596771 1.4539951 1.6165017 3.9231050 2.9987106 1.5189689 32.7410622 -1.5534685 0.5957069 
Car -1.00 -1 -1.6662973 685.5448608 173.8991547 759.8736572 239.8112946 1.4744326 1.4784873 3.3999729 3.0297866 1.5902190 19.4523411 -1.5117844 0.5639898 
Car -1.00 -1 -1.6126277 646.1770630 171.9213562 675.5838013 197.8546448 1.4822618 1.6226267 4.1103640 3.2564733 1.4806259 46.0340652 -1.5420048 0.4682008 
