Car -1.00 -1 -1.9135699 754.6778564 181.6641693 1095.8334961 399.1037292 1.4364796 1.6238064 4.1863580 2.6995423 1.5811145 7.2516966 -1.5572004 0.8892299 
Car -1.00 -1 -1.7344587 715.2569580 176.5215302 841.1422729 280.3248291 1.4534923 1.5105071 3.2937684 2.9158030 1.6061882 12.7878046 -1.5102770 0.8569254 
Car -1.00 -1 -1.6947360 675.9924316 170.7895508 764.2210693 245.1153107 1.5445516 1.6171411 3.6673517 2.8032150 1.5917476 18.5078869 -1.5444180 0.8228095 
Car -1.00 -1 3.5959808 -651.9934692 196.7393188 124.1082306 465.1994629 1.5105379 1.6433495 3.9622779 -5.9885902 1.7718983 5.3604555 2.7552922 0.6483381 
Car -1.00 -1 3.1495300 409.5687561 177.1100006 517.7582397 219.3759003 1.5087736 1.5954432 3.8264115 -5.2889872 1.6679574 26.5673275 2.9530206 0.6822986 
Car -1.00 -1 3.2716442 89.1697617 178.1752167 389.1216431 295.7732544 1.5962423 1.6598263 3.8272982 -5.5208411 1.7181895 11.2663975 2.8160067 0.7100201 
Car -1.00 -1 3.4993285 -130.7440491 175.9234467 314.6285095 328.0432739 1.6208413 1.6696107 4.0683689 -5.8095078 1.6827350 8.4781542 2.8985825 0.7424300 
Car -1.00 -1 -1.6474343 654.2141724 172.4946289 702.7304077 214.3791809 1.5203041 1.6351738 3.7303662 2.8510892 1.5749685 30.0966721 -1.5529851 0.6850634 
Car -1.00 -1 3.2577158 454.2301331 175.7376099 540.6032104 208.7182770 1.5246603 1.5540016 3.9045584 -5.3126249 1.6868542 34.6207619 3.1054516 0.4908056 
Car -1.00 -1 -1.6140099 641.4393921 168.5650635 678.7399902 201.8199921 1.6128827 1.6667858 3.9700422 2.7192690 1.4323159 38.9950905 -1.5443890 0.5036454 
