Car -1.00 -1 -1.3549175 386.2982178 195.5901031 494.7534180 268.5701294 1.4606348 1.6421189 3.8707380 -3.8452022 2.0185477 17.1081104 -1.5760026 0.8731191 
Car -1.00 -1 2.1140712 29.4070091 207.9807281 176.4787750 277.8086548 1.4811188 1.5727434 3.5672026 -13.0240908 2.4881526 18.8723030 1.5100092 0.7941460 
Car -1.00 -1 2.1612344 897.0885010 171.0213623 1077.1712646 254.9541931 1.5443922 1.6422738 3.8586016 8.2463274 1.6130699 15.5539360 2.6487305 0.7980825 
Car -1.00 -1 2.0349039 173.6167450 197.8600311 284.2089539 251.5052643 1.6306787 1.7092063 4.2203398 -13.2103443 2.5667155 25.3996143 1.5553057 0.8173231 
Car -1.00 -1 2.1081088 988.7402344 178.6144867 1228.6441650 273.3761292 1.4616488 1.7646195 4.3114014 9.1960478 1.6525474 13.0971155 2.7202716 0.7603690 
Car -1.00 -1 2.1324792 1121.3807373 169.1035919 1449.9241943 308.4105225 1.5708631 1.6338536 4.1094594 9.2296782 1.5992019 9.8075666 2.8875310 0.6603719 
Car -1.00 -1 2.2703316 839.4268799 170.8384552 984.2055664 242.8880157 1.5895739 1.5552390 3.7297914 8.0181246 1.6808678 18.8668709 2.6721890 0.6768165 
Car -1.00 -1 2.2267992 -148.6761932 216.3650970 48.0352821 294.8758240 1.4586964 1.6272371 3.9462457 -15.9430714 2.6647778 17.7822628 1.4958814 0.5564590 
Car -1.00 -1 -1.5639452 528.8856201 182.5123444 570.7158813 223.0551147 1.5966318 1.6805660 3.4239028 -2.5209389 2.0251970 30.6036453 -1.6461334 0.7068175 
Car -1.00 -1 1.8922697 275.3815918 202.5229950 325.5585632 230.1560516 1.4459451 1.6271302 3.7788124 -17.7873058 3.2014102 41.7314911 1.4893558 0.6038239 
Car -1.00 -1 2.8609402 728.4689941 171.4209290 848.1910400 220.5287170 1.6591100 1.6373298 3.9446301 6.6592155 1.6981987 26.9599953 3.1030967 0.4805915 
Car -1.00 -1 2.2844218 797.5777588 173.0442352 925.4711914 233.1464386 1.6074688 1.5860410 3.7939825 7.9082446 1.7502826 22.3929806 2.6239066 0.3856701 
