Car -1.00 -1 -1.3593309 388.8773499 174.2858887 520.8126221 269.8220215 1.5397172 1.6211481 4.1482649 -2.8627903 1.5953763 14.2462311 -1.5576404 0.8927499 
Car -1.00 -1 -1.7413786 722.8862915 175.0238953 799.3298950 231.8872986 1.4784008 1.6139966 3.4696507 4.3703203 1.5838544 21.2311420 -1.5383694 0.7949959 
Car -1.00 -1 2.0179976 241.6382141 176.5135956 317.4670105 212.6286011 1.4577645 1.6224700 3.8142843 -14.7035913 1.6673714 32.4117775 1.5921128 0.7271908 
Car -1.00 -1 1.9960717 300.1778564 172.6873779 366.9448242 204.9817352 1.4979336 1.6053189 4.1740441 -14.4385738 1.5526806 37.9476318 1.6324993 0.6354202 
Car -1.00 -1 -1.5457521 498.0782166 161.2764282 515.4609985 226.9669800 1.6178819 1.6653354 3.8778644 -2.8757355 1.4015777 20.1907310 -1.6872290 0.6336428 
Car -1.00 -1 -1.4400616 504.5880737 159.1470490 568.7971191 214.7045135 1.8583766 1.7611336 4.0001907 -2.6827435 1.4215907 26.9886551 -1.5391388 0.4827475 
Car -1.00 -1 1.9185776 351.1540222 174.2453156 397.1434326 199.2713776 1.4508071 1.5189359 3.7634337 -14.6767941 1.5720354 45.1443367 1.6042478 0.3652078 
Car -1.00 -1 -1.6443008 659.1911621 166.6169434 687.9588623 191.2699585 1.5587214 1.6328773 3.8573122 4.3130927 1.1681894 48.9245186 -1.5563700 0.3387783 
Car -1.00 -1 1.8362185 380.8572998 171.9267120 421.6714172 197.3106079 1.5088282 1.6440191 3.9661648 -13.7333117 1.5105296 47.8013458 1.5564537 0.2591140 
Car -1.00 -1 -1.6585097 676.9905396 171.5075531 719.9856567 204.7215118 1.4517659 1.6154550 3.8607600 4.4918647 1.4585217 36.3848228 -1.5356768 0.2918575 
