Car -1.00 -1 -1.9333104 787.0826416 187.1267090 1134.6783447 398.2656555 1.4320605 1.6400920 4.1864858 3.1233218 1.6332808 7.4016690 -1.5340044 0.8799829 
Car -1.00 -1 -1.8151480 709.0776978 181.6018677 863.3966064 287.5534058 1.4661288 1.6364485 4.1364641 3.1134560 1.7297933 13.2276049 -1.5839801 0.8395642 
Car -1.00 -1 2.1281664 2.9071546 196.6611328 148.6466522 253.9726257 1.3726782 1.5504543 4.2051301 -16.0861931 2.1941310 22.0125294 1.4970837 0.6985839 
Car -1.00 -1 -1.6984441 679.2244263 179.4040070 760.3032837 244.1788635 1.5144216 1.6396947 3.6949515 3.0898383 1.7897562 20.4794464 -1.5486984 0.7729336 
Car -1.00 -1 1.9858824 198.4265137 189.1721039 270.4093018 225.4777222 1.4881353 1.6052406 3.8089457 -17.2946167 2.2991372 33.4758072 1.5090193 0.6196429 
Car -1.00 -1 -1.5599881 597.4028320 179.5877686 617.6032715 198.0056000 1.5011215 1.6123842 3.6790617 -0.1420985 2.0952892 61.4887695 -1.5622990 0.5722158 
Car -1.00 -1 1.9595513 265.7861633 187.6369781 326.3419800 217.2361908 1.3907291 1.6396508 3.9194441 -16.5109081 2.2418235 38.2651062 1.5521986 0.5376472 
Car -1.00 -1 1.9080578 358.7768555 185.7914734 397.1391907 206.5076141 1.4409612 1.6162125 3.7732410 -17.2818146 2.4436417 54.1256447 1.5989984 0.4953654 
Car -1.00 -1 2.2511368 -208.2089081 197.7649841 11.7526369 281.1848755 1.4521847 1.5061114 3.7935376 -15.2741432 2.0799046 15.9047060 1.4859599 0.2919958 
Car -1.00 -1 1.9799230 121.0389328 192.4311218 213.8775482 234.9181824 1.4489948 1.6132814 4.0966673 -17.2224522 2.2805557 28.3647060 1.4342415 0.3114671 
