Car -1.00 -1 -1.9307059 810.3056030 186.7726288 1019.4536133 320.7410583 1.4934577 1.5448359 3.5240507 4.0841293 1.7226881 10.2691288 -1.5521758 0.8847075 
Car -1.00 -1 2.2865893 -101.8593140 169.7428284 107.4753571 245.4161072 1.4800477 1.5711123 4.2495642 -14.5400991 1.4700322 17.5815563 1.5955952 0.6732741 
Car -1.00 -1 -1.4236940 415.2178955 180.3674316 522.5458374 268.4020996 1.4132798 1.5892272 3.7148416 -2.8835433 1.6698295 15.2109737 -1.6110408 0.7715539 
Car -1.00 -1 -2.2222235 981.9783936 208.9330139 1801.4351807 621.1929932 1.4436575 1.5902979 3.7564306 4.0353165 1.7121745 4.7037773 -1.5131675 0.7047918 
Car -1.00 -1 2.0037723 89.9089661 166.6031494 208.3444519 225.4496460 1.5134807 1.5315228 4.0200610 -14.3118086 1.4499076 22.8000431 1.4432268 0.5938796 
Car -1.00 -1 -1.7264849 677.6088257 173.5400391 733.3629761 215.5652771 1.6266683 1.6720492 3.9570799 3.9582350 1.6698763 30.2903671 -1.5965449 0.7181137 
Car -1.00 -1 -1.4335364 465.6597900 171.4652405 547.3403931 235.6158752 1.6251988 1.6847135 3.9899316 -2.9672003 1.6399063 21.2120304 -1.5725175 0.7066457 
Car -1.00 -1 -1.1368713 131.2731018 140.8717804 477.1901550 355.9967346 1.9272872 1.8498815 4.6122141 -3.2025552 1.6008402 8.6550293 -1.4912710 0.6789715 
Car -1.00 -1 -1.7068417 747.7498169 184.4250793 854.9819336 265.8276672 1.3673364 1.6060809 4.1248388 3.9242516 1.6776018 15.4786520 -1.4585465 0.6634127 
Car -1.00 -1 -1.5019694 511.2917480 176.5938568 562.8848877 219.5327759 1.4673088 1.6052365 3.7282381 -2.7979245 1.6674103 28.0355511 -1.6014392 0.5430647 
Car -1.00 -1 -0.4933039 -1871.5650635 179.0547791 173.2965088 1044.4606934 1.4924080 1.6231444 3.9842508 -3.7052379 1.6326529 2.4200790 -1.4855132 0.3846076 
