Car -1.00 -1 -1.6950985 705.0891724 192.9248352 813.3665771 284.4158325 1.4786857 1.5810077 3.4905198 2.7909763 1.9077145 13.9758539 -1.4979916 0.8768190 
Car -1.00 -1 -1.9377423 777.7870483 194.2902069 1268.1416016 506.1003723 1.4483126 1.5999296 4.0334544 2.5361714 1.6693015 5.4898753 -1.5049767 0.8236561 
Car -1.00 -1 1.7493399 458.9617310 190.6914673 548.9607544 258.4667053 1.4944520 1.6334728 3.6003141 -2.5747609 1.9858117 18.2406616 1.6091113 0.8563263 
Car -1.00 -1 0.1387779 218.5276489 197.1389313 317.1742249 233.5610657 1.5104065 1.6556147 3.6050072 -14.9452600 2.6061150 31.9055977 -0.2992891 0.6606075 
Car -1.00 -1 -1.5544253 584.4886475 190.0972595 661.8851929 262.2954712 1.5046287 1.6208384 3.8761921 0.3568221 1.9118395 17.0526905 -1.5335037 0.8341358 
Car -1.00 -1 3.1485868 73.0449142 202.5541229 169.5120697 244.1482239 1.4937800 1.6838274 3.5205252 -19.0322418 2.7316207 28.3163185 2.5568116 0.5816948 
Car -1.00 -1 -1.5914308 683.9859009 188.2773285 757.0113525 257.0459900 1.4889207 1.5814610 3.9022601 2.8802011 1.9485947 18.6185493 -1.4379522 0.7329433 
Car -1.00 -1 1.6333254 564.9072266 184.8596802 602.2388306 218.7747803 1.5123218 1.6310748 3.9093537 -1.2114788 2.1567602 35.6252289 1.5993323 0.6403006 
Car -1.00 -1 -1.5608634 616.2325439 178.4297333 675.6627197 236.7126007 1.6756595 1.7073660 4.2964983 1.1710469 1.9183049 23.6800976 -1.5114509 0.6875190 
Car -1.00 -1 3.1601100 143.9025421 197.6251984 238.2971039 234.7499542 1.6011418 1.6598165 4.0474453 -19.0980930 2.7915773 33.0532455 2.6361756 0.4054624 
