Car -1.00 -1 -1.7898474 774.9105225 183.1003113 1034.8200684 383.1380005 1.4859778 1.6016858 3.8384867 2.8301253 1.6684653 7.6669159 -1.4362288 0.8826575 
Car -1.00 -1 2.1184609 -406.7686462 201.9491119 386.9281616 656.7614746 1.4636273 1.5746993 3.5310581 -2.6639550 1.7345359 4.1759462 1.5506186 0.8224631 
Car -1.00 -1 -1.5295807 600.4840698 176.1120148 692.0657349 261.1019592 1.5150211 1.6544842 3.7877071 0.8275512 1.6040441 14.8635445 -1.4739616 0.8749115 
Car -1.00 -1 1.7151280 511.6085815 173.0305176 581.3818359 228.5549927 1.5609215 1.6299528 3.7007999 -1.8813812 1.6028355 22.4929752 1.6316792 0.8257286 
Car -1.00 -1 -1.6353141 733.3276367 176.7898102 851.1153564 287.7977295 1.4589531 1.5388544 3.8567796 3.0050688 1.6189651 12.2119675 -1.3940322 0.8178670 
Car -1.00 -1 0.4980971 -83.5850906 194.5491333 71.8850021 246.0125885 1.5099940 1.6377372 3.6140144 -19.4009666 2.2182730 22.8812027 -0.2051764 0.3909776 
Car -1.00 -1 0.5360422 116.5519562 184.7829437 247.0617371 231.8148804 1.5922730 1.6676965 3.8011367 -15.0916948 2.0350608 25.5262451 0.0021016 0.4469675 
Car -1.00 -1 -1.5472346 645.5697021 164.3472748 711.5488281 227.5003967 1.6308939 1.7009341 4.2714434 2.0766356 1.4429229 21.4647980 -1.4507886 0.7447877 
Car -1.00 -1 1.7037168 583.9871826 164.5030518 628.2843628 202.5286407 1.8462206 1.7111915 4.5212212 -0.0830990 1.4603781 37.7411613 1.7015150 0.4527697 
Car -1.00 -1 -1.6074789 741.2044678 167.2319489 767.2874756 190.1990967 1.5063690 1.5763081 3.8143468 10.1435881 1.1542194 50.6416397 -1.4097936 0.2822366 
