Car -1.00 -1 -2.1065886 837.7682495 188.5597382 1543.3009033 597.1071167 1.5043787 1.5787667 3.4184587 2.7135646 1.6529892 4.4463067 -1.5586326 0.8376611 
Car -1.00 -1 -1.8872149 736.1743774 174.5046844 956.7453003 342.2700195 1.4990637 1.5447925 3.4131997 2.6952329 1.6206506 8.8660898 -1.5920985 0.8605704 
Car -1.00 -1 2.1379926 -557.6972046 207.8035126 339.4346619 710.5321045 1.4752748 1.5593259 3.5681503 -2.9150927 1.8064808 3.9525464 1.5025249 0.7940181 
Car -1.00 -1 -1.7208903 687.0117188 178.3035278 789.9249878 261.4174500 1.4324112 1.5131857 3.4621882 2.6793690 1.6316534 15.3578711 -1.5481664 0.8351423 
Car -1.00 -1 -1.6634490 658.5906372 170.1753998 732.6492920 236.8070221 1.6007349 1.6076854 3.6862080 2.5006680 1.6234214 20.9912758 -1.5448788 0.8019753 
Car -1.00 -1 0.6348237 150.7694550 167.4764862 381.5146484 269.3588257 1.6834404 1.6245146 3.7317443 -6.4101000 1.6988367 13.4813662 0.1909850 0.6667106 
Car -1.00 -1 -2.7523674 203.1124725 175.2374420 418.7042236 254.5897064 1.5822206 1.6369660 3.9202554 -6.2388916 1.6894708 15.3075523 -3.1393821 0.6878989 
Car -1.00 -1 -1.6134420 642.3210449 174.9263763 687.9398804 216.7769470 1.5111214 1.5741518 3.5629406 2.3494282 1.6864415 30.3905334 -1.5362875 0.4408876 
Car -1.00 -1 0.3183676 320.7177734 172.2282257 473.6975098 229.5049591 1.6650696 1.5569408 4.1195879 -6.6245995 1.7289795 22.7648373 0.0351867 0.3152146 
Car -1.00 -1 0.4184799 318.2378540 181.4547272 470.4305725 230.5081787 1.5084674 1.6235206 4.0237079 -6.8728757 1.8117276 23.4219456 0.1330547 0.2469970 
