Car -1.00 -1 -1.8784007 753.4265747 188.4631042 1100.5034180 421.6734619 1.4669026 1.5901577 3.9831698 2.5336356 1.6519183 6.7793498 -1.5207453 0.8758051 
Car -1.00 -1 -1.6803439 694.0170288 187.4619751 790.6437378 271.1725769 1.5062271 1.5531323 3.5475948 2.7159657 1.8465258 15.2312698 -1.5038835 0.8802738 
Car -1.00 -1 1.7364817 484.0735168 185.0387421 559.5159912 241.9933929 1.5010135 1.6237862 3.6064544 -2.5108762 1.8975075 21.3474693 1.6194003 0.8515047 
Car -1.00 -1 -1.5525287 579.7046509 186.1202545 657.0086670 257.5030823 1.5082251 1.6385621 3.7846558 0.2592615 1.8363277 17.3341160 -1.5375731 0.8650692 
Car -1.00 -1 0.1426322 92.5671997 197.2943878 193.4228363 236.0674438 1.5344789 1.7069662 3.5029576 -19.7402782 2.6111897 30.7749653 -0.4277015 0.6343101 
Car -1.00 -1 0.1583675 229.3264008 191.6528778 329.6472168 226.4407501 1.4754546 1.6563683 3.8153079 -14.7862701 2.3512832 32.6122932 -0.2673066 0.6667240 
Car -1.00 -1 -1.5951396 677.6848755 183.6324005 745.8530273 247.8253326 1.4948170 1.5934726 4.0148401 2.8178449 1.8468430 19.8310490 -1.4539919 0.6988637 
Car -1.00 -1 -1.5652814 613.2009277 175.6996002 669.5096436 231.6140137 1.6591966 1.6721201 4.2383347 1.0630115 1.8171597 24.5622349 -1.5220301 0.6908116 
Car -1.00 -1 1.6114421 572.2327881 180.3927765 603.9453735 212.0025482 1.5602046 1.6004727 3.8624275 -1.0961236 2.0247245 38.8869438 1.5832621 0.5497463 
Car -1.00 -1 0.5388368 -104.3144531 201.4969025 23.1451435 243.4528656 1.5327032 1.6134948 3.4209759 -25.4904976 2.7001094 28.4978809 -0.1909146 0.2238943 
