Car -1.00 -1 -1.8294351 724.7258301 182.8265839 902.2614746 300.9746094 1.4385297 1.6004092 3.7438188 2.9186075 1.6364918 11.1678362 -1.5738119 0.8959250 
Car -1.00 -1 -2.1817866 874.0869141 219.8574677 2097.9365234 884.0847168 1.3541152 1.5925241 4.0279837 2.7396028 1.6507516 3.5206025 -1.5205034 0.7811108 
Car -1.00 -1 -1.5870048 572.7373047 168.8864594 640.8301392 233.2237091 1.5920022 1.6831795 3.5604043 -0.0780595 1.5244094 20.1883125 -1.5908713 0.8502973 
Car -1.00 -1 1.9765282 248.9956360 179.5540161 321.4364624 215.1099091 1.3934768 1.5216802 3.9230344 -14.2682915 1.7421287 32.0302200 1.5574533 0.7725592 
Car -1.00 -1 -1.6648669 655.1339722 172.8213196 711.4240723 221.9300385 1.4867573 1.5355040 3.6843359 2.4157181 1.5138140 24.2599297 -1.5656176 0.8156972 
Car -1.00 -1 -1.6835097 697.8182373 176.1964722 789.6800537 253.8020020 1.4617829 1.5466896 3.3966100 2.9954138 1.6097418 16.3644733 -1.5024701 0.8105714 
Car -1.00 -1 1.9214061 309.1769104 172.6174927 369.9589539 207.2076721 1.5876089 1.6732384 3.8111145 -13.8370171 1.6327968 37.1371918 1.5647483 0.7038299 
Car -1.00 -1 2.1482217 72.9955978 186.0206299 198.2910004 238.1360016 1.4251184 1.6581358 3.8760269 -15.5323400 1.9491972 23.8750000 1.5714464 0.6473039 
Car -1.00 -1 1.8604749 375.3414917 170.7961426 424.1597595 198.6845245 1.5177978 1.6852992 4.1351075 -12.3761492 1.4358983 42.8704910 1.5794291 0.6527416 
Car -1.00 -1 -1.5810240 639.6302490 170.2981567 674.0145874 202.7663574 1.4709065 1.5590806 3.8885970 2.3772302 1.3896186 36.3822670 -1.5157764 0.4646880 
