Car -1.00 -1 -1.6757519 949.8039551 155.0277863 1056.5642090 239.6912537 1.4017180 1.5217507 3.7078679 7.9320989 1.1325863 14.7569265 -1.1825430 0.8399280 
Car -1.00 -1 -1.5232149 836.4473267 148.1922760 916.6244507 221.8296814 1.5261823 1.6602741 3.6609206 6.5797076 1.0090898 17.5348339 -1.1642370 0.8584114 
Car -1.00 -1 -1.0698061 1030.0751953 174.8285217 1769.2830811 546.4191895 1.4334869 1.5836527 3.7441428 4.6333408 1.5094998 4.1387606 -0.2280865 0.6556710 
Car -1.00 -1 1.9600790 535.2968140 148.3015289 601.3713989 183.1704865 1.4641613 1.5137155 4.0707192 -1.8364767 0.3570906 33.9072571 1.9059701 0.7015985 
Car -1.00 -1 -0.8669789 976.2584229 166.5230103 1353.7230225 304.1490173 1.4189560 1.5449873 4.2279611 7.3689461 1.5131280 9.5723419 -0.2109154 0.6199881 
Car -1.00 -1 1.8929728 582.4422607 143.2661438 638.2015381 175.9048004 1.5377001 1.5859017 4.0068431 0.0601584 0.0182585 38.7008934 1.8945272 0.6349348 
Car -1.00 -1 -1.5984328 938.6257324 143.8205719 998.6403809 196.7142181 1.3988435 1.5842720 3.7683983 11.6489086 0.5793672 23.4157867 -1.1368024 0.5272341 
Car -1.00 -1 -1.5788970 938.3641968 137.4483795 989.8833008 185.5809326 1.5147020 1.5822678 3.6141872 12.9304962 0.3281637 26.3007717 -1.1219602 0.4518412 
Car -1.00 -1 1.9201119 630.4773560 142.9929199 676.7818604 168.7108154 1.5269234 1.6279712 3.8834350 2.8960323 -0.3528426 46.3830185 1.9824682 0.4632583 
Car -1.00 -1 3.4538684 281.1658020 157.1049194 400.5848694 195.7665863 1.3301653 1.5526861 3.7336586 -9.5291977 0.7994272 25.8039722 3.1001115 0.4161972 
