Car -1.00 -1 -1.8521197 745.5046387 173.9043427 945.9693604 312.8726501 1.6030003 1.6130189 3.9267185 3.2169061 1.6519455 10.6068830 -1.5576521 0.8958102 
Car -1.00 -1 -2.2405195 844.1970215 184.9004517 1998.9295654 788.0236816 1.4377393 1.6050253 4.0437970 2.7734122 1.5928593 3.6985083 -1.5970995 0.8188401 
Car -1.00 -1 0.4348193 99.0302811 162.5993195 463.9110718 299.7138062 1.7316618 1.7102641 4.1967826 -4.6528711 1.6423866 10.5430965 0.0192077 0.8051330 
Car -1.00 -1 -1.6876736 692.8981934 177.8889618 794.9677734 262.7227478 1.5125953 1.5778980 3.9226351 2.9077492 1.7091940 15.9607086 -1.5074682 0.8094908 
Car -1.00 -1 0.8940539 -531.7094727 205.7880707 269.0592957 470.5208740 1.4445506 1.6431273 4.3983417 -4.9636717 1.7268315 5.0998049 0.1221824 0.6939977 
Car -1.00 -1 -1.6285759 659.5064087 179.6892700 714.4565430 227.3878174 1.4382560 1.5969480 3.8340318 2.8357930 1.7770646 26.4563160 -1.5217959 0.6471509 
Car -1.00 -1 -1.6500910 652.6693726 173.2240753 694.4396362 212.2053070 1.6736512 1.6161029 3.6525171 3.1293201 1.7567277 35.3371048 -1.5617652 0.5470761 
Car -1.00 -1 -2.7666691 345.7568054 180.7142639 518.8471069 242.6961212 1.4658712 1.5653419 3.7598634 -4.3968830 1.7225921 18.2497082 -3.0030923 0.4615959 
Car -1.00 -1 -1.6549392 684.6069336 179.6745758 748.4843140 237.4978790 1.4929775 1.5094093 3.3495286 3.1462150 1.7504955 21.5301304 -1.5098355 0.5385491 
Car -1.00 -1 -2.7802016 397.5876770 173.5684967 536.6766968 232.2752838 1.7271066 1.6511647 3.7012630 -4.2964249 1.7918656 22.1814842 -2.9715266 0.3546475 
Car -1.00 -1 -1.5965480 644.2987061 176.9629822 674.2324219 204.7032318 1.4982880 1.6378080 4.0689631 3.0513504 1.8183624 44.3732300 -1.5278906 0.3494201 
