Car -1.00 -1 2.2056652 -180.9405975 194.0679474 264.0372314 410.8969727 1.4833574 1.5605778 3.8156972 -5.3571615 1.7756052 7.5766330 1.5902143 0.8370697 
Car -1.00 -1 1.8857287 306.3492737 178.9466553 431.2161865 251.3469391 1.4011503 1.6257654 3.9886053 -5.6358972 1.6266401 17.4015408 1.5725161 0.8607413 
Car -1.00 -1 -0.8791871 1023.2125244 170.0003510 1534.5833740 391.9750671 1.4251974 1.5691504 3.3759494 5.6496129 1.4851086 6.1818113 -0.1387404 0.7135625 
Car -1.00 -1 1.7503488 390.7224731 170.7556458 462.2054443 223.9557648 1.4855642 1.6038334 3.6903758 -5.9420428 1.4912244 23.7048492 1.5047417 0.7681394 
Car -1.00 -1 -0.1533024 674.8964233 157.2585907 794.5744019 198.2042847 1.4490921 1.5540231 4.0472398 4.8335876 0.9244023 28.1759853 0.0165937 0.5174126 
Car -1.00 -1 -0.5321173 830.2382202 144.7936859 1228.3216553 310.8669128 1.6066549 1.6624784 3.8155642 4.8381162 1.3749669 8.4441490 -0.0118214 0.6103294 
Car -1.00 -1 1.7880803 453.9071350 169.1561890 502.7985840 203.3387146 1.4843522 1.5444185 3.7233121 -6.1639032 1.3431372 34.3225441 1.6103868 0.4220018 
Car -1.00 -1 -0.4224351 740.5877075 163.1096191 875.7174683 233.7374573 1.5015435 1.6768486 4.3370185 4.5135489 1.3577927 16.7081566 -0.1585924 0.3617195 
Car -1.00 -1 2.6723934 750.7655640 160.9805908 1019.6218262 248.6383667 1.4755862 1.6335406 4.0691848 4.9266381 1.3387536 13.1917410 3.0298166 0.3354635 
Car -1.00 -1 -0.5826993 842.0194092 148.6282806 1237.2924805 311.1227417 1.6009452 1.6444367 3.8196573 5.1170144 1.4078748 8.6928415 -0.0506695 0.3444564 
