Car -1.00 -1 1.7970010 384.0086060 188.2852478 502.2937317 270.5507202 1.5380454 1.6848546 3.8832242 -3.6084371 1.9390614 16.3233509 1.5794400 0.8949719 
Car -1.00 -1 -1.7973825 742.4487305 184.1527557 926.6773682 315.9808044 1.4986209 1.6136616 3.7385306 3.0491941 1.7012737 10.4453259 -1.5133554 0.8787747 
Car -1.00 -1 -2.3631126 896.9418335 185.0051575 3320.0817871 1406.6719971 1.4594531 1.6277430 4.3025494 2.9003978 1.6659889 2.7613618 -1.5531623 0.7406395 
Car -1.00 -1 2.2643766 -751.3192139 157.0209656 337.7676392 716.6536865 1.7202493 1.6904213 4.3524847 -3.3818169 1.7059541 4.0809135 1.5723842 0.7341583 
Car -1.00 -1 1.7316017 455.4346008 185.8185120 534.6237183 245.7874146 1.4415053 1.6478829 3.9094789 -3.4130256 1.9387583 21.8263340 1.5764860 0.8086914 
Car -1.00 -1 -1.6375796 666.5364990 181.4346924 708.9913940 218.3376617 1.5586455 1.6473726 3.9174118 3.5093575 1.9663759 32.8670769 -1.5312084 0.7307228 
Car -1.00 -1 1.7064114 492.2740479 184.9241638 550.2568970 230.6184540 1.4312257 1.6149774 4.0512047 -3.3366611 1.9869489 27.6655140 1.5863839 0.6903072 
Car -1.00 -1 1.6608093 538.7608032 183.7140198 573.1066284 212.1212463 1.4667759 1.5998874 3.6941159 -3.0440192 2.1270912 41.3844643 1.5873868 0.6453914 
Car -1.00 -1 -0.3313960 845.5742188 176.6425323 999.7884521 239.8343964 1.7009510 1.6599262 3.9298596 9.1661654 1.8896609 21.3583374 0.0739937 0.2798620 
Car -1.00 -1 -1.5949387 653.7875977 179.2723389 687.1569824 211.2028503 1.6009878 1.6582930 3.9061553 3.4538465 2.0218716 40.6755486 -1.5102298 0.3506191 
