Car -1.00 -1 -2.1018473 827.5925903 207.4286041 1739.1072998 724.5307007 1.3881624 1.5769564 3.9592202 2.5013645 1.6281340 3.9062667 -1.5322883 0.8229469 
Car -1.00 -1 -1.8060318 740.2219849 190.5180969 956.3018188 340.6664429 1.3821564 1.6220276 3.8598785 2.8356061 1.6862404 9.3153954 -1.5105432 0.8757305 
Car -1.00 -1 -1.7472802 686.7775269 177.6983643 791.2639771 252.3532867 1.4324739 1.5478531 3.7030578 2.8463264 1.5810238 16.4167042 -1.5756069 0.8474397 
Car -1.00 -1 2.2684233 -90.2186279 185.5575104 101.6695938 259.6256409 1.4741670 1.5306692 3.9438760 -14.7126913 1.8456522 17.9011822 1.5804803 0.6893375 
Car -1.00 -1 -1.5867311 574.6491089 167.4820251 639.6271973 228.8284149 1.5896243 1.6795881 3.5683143 -0.0783865 1.4698681 20.8102245 -1.5904979 0.8445302 
Car -1.00 -1 1.9329861 297.5093689 177.6843414 356.9474182 207.8838348 1.3958962 1.6103358 3.8832140 -14.4469433 1.6894877 37.2267532 1.5627980 0.7563992 
Car -1.00 -1 1.8400620 395.9210815 169.5384827 437.4007874 194.0776367 1.5195589 1.6520219 4.2152281 -12.8153315 1.3313004 48.2673340 1.5805423 0.6616206 
Car -1.00 -1 -1.6793455 673.6148071 172.6647797 741.3435669 231.6440277 1.4866158 1.5127866 3.4810224 2.8553135 1.5423305 21.3041115 -1.5461130 0.7295426 
Car -1.00 -1 -1.6270212 645.5615234 170.8943787 688.9026489 210.8497620 1.4779077 1.5390118 3.7612362 2.3146338 1.4316431 29.5228806 -1.5487798 0.6993374 
Car -1.00 -1 1.9128158 342.8314514 171.1542358 396.2610779 201.5951233 1.5485330 1.6601232 3.8238661 -13.7101183 1.5126940 41.3366356 1.5925630 0.5799828 
