Car -1.00 -1 -1.2598029 210.2213440 168.3806305 479.5820312 356.1250916 1.6501746 1.6948140 4.0562921 -2.7572544 1.6138187 8.5303402 -1.5724323 0.8792546 
Car -1.00 -1 -1.4231809 431.6361389 178.9596100 543.1118774 263.7016602 1.4052680 1.5787296 3.9559507 -2.5261679 1.6238628 15.3223438 -1.5865792 0.8341244 
Car -1.00 -1 -1.8172028 724.5722656 174.8486023 833.4348755 248.9674988 1.6367918 1.6582156 3.9205167 4.1666832 1.7228470 18.3761539 -1.5942290 0.8199486 
Car -1.00 -1 2.1552005 59.8819656 170.3164825 216.0609131 228.1079712 1.4354372 1.7220340 4.3241787 -14.3625374 1.4529149 22.1740036 1.5804300 0.7094530 
Car -1.00 -1 2.2591337 -132.8014984 169.6071320 65.9577408 246.5874329 1.5376420 1.6707191 3.8617151 -15.3612204 1.5219054 17.4892521 1.5384245 0.5995893 
Car -1.00 -1 -0.6158883 -2082.9177246 199.0501251 201.7876282 1313.6796875 1.5418723 1.7151234 3.8895271 -2.9567745 1.7166641 1.9938650 -1.5933900 0.5213176 
Car -1.00 -1 -2.4403298 1079.1312256 223.8639526 2856.2976074 1082.6582031 1.4394494 1.5923202 4.3123870 3.8942413 1.6920190 3.0728030 -1.5375700 0.4538458 
Car -1.00 -1 -1.4960364 494.4524841 170.6898499 562.4939575 227.2178345 1.5993838 1.6603142 3.8095965 -2.5696716 1.5918888 23.0338478 -1.6071377 0.4723784 
Car -1.00 -1 -0.7800841 1129.3385010 187.4462891 1409.7138672 283.6799927 1.6136779 1.6898146 4.2518301 12.7918491 1.9769660 14.0456934 -0.0413718 0.3487688 
Car -1.00 -1 -1.5142160 539.0735474 174.0063934 579.3933716 211.0862427 1.5484340 1.5968132 3.7186427 -2.3276551 1.6585984 33.6517487 -1.5832750 0.4559084 
Car -1.00 -1 -1.6582039 668.4678345 180.0777893 700.5921021 205.1860199 1.4016281 1.5934577 3.6826375 4.4836364 1.8674877 43.3984795 -1.5552559 0.3192057 
Car -1.00 -1 -1.5232468 496.5610352 171.9882355 559.0057373 228.3347931 1.5973181 1.6636177 3.8269441 -2.6032884 1.6496941 23.2935162 -1.6345452 0.3235055 
