Car -1.00 -1 -1.7166734 799.3463745 165.7032776 917.6758423 262.5547791 1.4760345 1.5729872 3.6035197 4.4987679 1.4008102 13.5172472 -1.3953878 0.8838231 
Car -1.00 -1 2.0105895 332.3878479 146.8379059 411.1929626 187.4524536 1.5274737 1.5458635 4.0164795 -9.9201908 0.4845825 30.4507103 1.6956536 0.7106848 
Car -1.00 -1 -1.5520137 691.9274292 151.8106995 757.7728271 213.7504425 1.5597570 1.6545488 3.5723774 3.2957656 1.0173681 20.3613510 -1.3915417 0.7982039 
Car -1.00 -1 1.9354089 390.5344238 143.8314209 457.9676819 180.7793121 1.5486526 1.6540582 4.0729365 -9.0222139 0.2161413 35.2748947 1.6850083 0.6852337 
Car -1.00 -1 -1.6315806 771.9584351 159.5078583 831.5333862 211.5268555 1.4008260 1.5365921 3.9613001 6.2680545 1.0584208 23.6840363 -1.3728590 0.6925854 
Car -1.00 -1 -2.3880374 -30.7719917 146.2909546 140.2005310 204.1566620 1.3741852 1.6042405 3.6241612 -14.9289532 0.7282783 19.4254646 -3.0432894 0.5454991 
Car -1.00 -1 -0.8518301 876.9135742 185.6161346 1342.2888184 370.9244690 1.3487545 1.5846305 3.9092591 4.9742351 1.6154104 7.1759038 -0.2456920 0.6060108 
Car -1.00 -1 -1.6112745 769.5679932 150.9420319 807.5690918 186.2165222 1.4980943 1.5770867 3.5303454 8.5530701 0.5205115 34.5798187 -1.3687983 0.5240543 
Car -1.00 -1 -0.9926928 1039.3356934 179.7949219 2072.9252930 628.6222534 1.5031412 1.5961788 3.7445664 4.3698988 1.5720049 3.3006916 -0.0687965 0.5107969 
Car -1.00 -1 1.9425971 449.4666443 147.0392609 502.8284302 173.6968842 1.4868438 1.6973760 4.2888818 -8.1227303 -0.0473795 44.3266716 1.7613609 0.4428131 
Car -1.00 -1 -1.6233597 789.7816162 161.9114075 860.5607910 226.4413147 1.3792986 1.5388082 3.8478253 5.6151328 1.1908159 19.0119324 -1.3361764 0.4700050 
