Car -1.00 -1 -1.2958411 255.7092285 188.0427094 460.2448730 323.0932007 1.4331894 1.5584221 3.5235345 -3.1123910 1.6545780 9.6087456 -1.6090889 0.8703223 
Car -1.00 -1 -2.0850865 846.7973633 162.4528198 1284.9044189 392.1792603 1.6289790 1.7377859 4.4879742 4.0933576 1.5845538 7.3530083 -1.5771203 0.8339889 
Car -1.00 -1 -0.9802028 -1068.8287354 184.0021667 365.1413269 950.2796631 1.4353594 1.6523700 4.1562476 -2.6911225 1.6670934 3.2758241 -1.6679227 0.7932315 
Car -1.00 -1 2.2275305 -65.1257782 181.0579529 102.3585739 240.7210388 1.4323764 1.5757121 4.1616950 -16.7838097 1.7573433 20.7514858 1.5474465 0.6384272 
Car -1.00 -1 -1.4269116 385.2207947 163.0160522 508.6298828 269.4967957 1.6771164 1.6769409 3.9177670 -3.1189628 1.5782939 14.2489128 -1.6424041 0.8120327 
Car -1.00 -1 2.1003082 106.8163986 178.4651794 229.0212402 227.5468903 1.4523720 1.6234918 4.3261294 -15.2975006 1.7205551 25.2618370 1.5558121 0.7257097 
Car -1.00 -1 -1.4348556 476.7626343 171.6429138 551.3115234 230.6331482 1.5483221 1.6249269 3.9513266 -2.8833575 1.5786540 22.1811485 -1.5641221 0.7738956 
Car -1.00 -1 -1.7088954 672.9352417 181.0364227 719.6013794 214.1777039 1.4228673 1.5988005 3.7219703 4.0511813 1.8369091 34.0810165 -1.5905814 0.6877149 
Car -1.00 -1 2.0254941 201.4570618 177.0213928 284.4547729 217.3428802 1.4679377 1.5019982 3.8647604 -15.1743708 1.7131562 30.0362835 1.5576941 0.5839022 
Car -1.00 -1 -1.4973677 548.5527344 175.1773224 574.3016968 196.4832001 1.4697551 1.6135695 3.7128892 -3.4664066 1.6579612 52.4761505 -1.5633286 0.5291285 
Car -1.00 -1 1.8322648 319.7648315 166.2588196 397.3562622 215.6496124 1.6513014 1.5710291 4.2302942 -9.0920038 1.4589583 26.5033493 1.5017939 0.3851609 
