Car -1.00 -1 -1.9274076 789.1607056 174.4875183 1106.1467285 380.3083191 1.5829921 1.6102383 3.9977992 3.1854620 1.6276060 7.6949668 -1.5349190 0.8860883 
Car -1.00 -1 0.5565902 -81.3121719 161.8058777 412.2464294 343.0484314 1.6606951 1.6521236 3.9674773 -4.4668403 1.5790357 7.5590606 0.0228700 0.8190409 
Car -1.00 -1 -1.7510054 710.5953979 178.9882965 845.6710205 284.3495178 1.4939638 1.5824401 3.6570981 2.9355133 1.6917006 13.0057945 -1.5290171 0.8528324 
Car -1.00 -1 -1.6932372 691.0693359 178.4948120 773.7224121 247.8690033 1.4712331 1.5191897 3.3572068 3.1415751 1.7014009 18.5561142 -1.5255262 0.7158062 
Car -1.00 -1 -1.6392152 664.7083740 177.9241333 728.2087402 233.2828064 1.4682509 1.6011217 3.9300368 2.8196168 1.7259004 23.4870872 -1.5197374 0.6791997 
Car -1.00 -1 -1.6587855 657.4031372 171.8894196 704.2847900 215.5042877 1.7547694 1.6097609 3.7452791 3.1746120 1.7595712 32.2984314 -1.5608102 0.5970206 
Car -1.00 -1 -2.7631230 320.6949768 186.8033905 497.9362488 252.8135681 1.4640336 1.5815605 3.6370971 -4.6689034 1.8322771 17.0634785 -3.0302055 0.4264776 
Car -1.00 -1 -1.6112654 646.4144897 176.6301270 678.8029175 206.1313934 1.5063360 1.6188526 4.0607762 3.0900931 1.7935897 42.0922661 -1.5379845 0.4105520 
Car -1.00 -1 -2.7833500 341.5942993 178.1874847 504.4547119 245.3624115 1.6272813 1.6231647 3.5586035 -4.6670918 1.8389009 18.3696499 -3.0321512 0.3146959 
Car -1.00 -1 -2.8091087 371.2517700 170.7399445 530.4324341 241.0650177 1.8613253 1.6884415 3.8294244 -4.2851567 1.8491614 19.8917141 -3.0212903 0.2953168 
