Car -1.00 -1 2.2006873 -38.1009331 150.1477661 360.8504333 366.0714417 1.8406005 1.7560753 4.2294555 -4.8404021 1.6641663 8.5430202 1.6851952 0.8258468 
Car -1.00 -1 -0.7481184 929.7587280 154.5400696 1460.9794922 356.4637146 1.5496960 1.6482602 3.7642975 5.2396474 1.4607942 6.7017798 -0.0845558 0.7793844 
Car -1.00 -1 1.8466286 339.0333862 174.2574005 452.6288452 249.2539673 1.5194259 1.5989529 3.9928782 -5.1474667 1.6287427 17.8182411 1.5653977 0.8409124 
Car -1.00 -1 1.7529524 440.5371399 174.4053955 499.5121155 218.8907776 1.5166193 1.5747398 3.8925464 -5.3641591 1.6311162 28.1311035 1.5645301 0.7930743 
Car -1.00 -1 1.6675800 482.7206421 172.2623138 520.7984009 205.0205536 1.5329213 1.5811067 3.6169004 -5.7588620 1.5776304 38.6948586 1.5198369 0.6540812 
Car -1.00 -1 -0.1659229 662.6221924 165.3039856 775.6379395 209.4834137 1.5961523 1.6508582 3.9103048 4.2058711 1.3735459 27.9543076 -0.0165878 0.5191331 
Car -1.00 -1 -0.9410949 1067.8883057 179.8443146 1697.4163818 451.5206909 1.4590584 1.5849971 3.3948872 5.2572813 1.5574899 4.9931355 -0.1299332 0.4619198 
Car -1.00 -1 -0.4990508 785.9177246 166.9239960 1016.5867920 269.2139282 1.5459145 1.5974846 3.5587325 5.1506968 1.5044665 12.8285875 -0.1172507 0.4505103 
Car -1.00 -1 -0.5344865 808.4429932 167.4160309 1072.6351318 281.4093018 1.5346891 1.6109757 3.6708024 5.2091866 1.5250206 11.5197506 -0.1098077 0.3637009 
Car -1.00 -1 -0.3641697 707.7313232 169.3777161 849.0001831 230.3710327 1.4818736 1.5786273 3.7932072 4.7244730 1.4589935 20.2426128 -0.1348817 0.2941924 
