Car -1.00 -1 -1.8762913 766.7720947 175.6015320 1012.3525391 341.4453125 1.6119698 1.6272844 4.0937443 3.2365112 1.6646650 9.2316751 -1.5390930 0.8910215 
Car -1.00 -1 0.5092094 7.6310096 160.8680267 442.4362183 320.0431824 1.7758917 1.7278115 4.2372985 -4.6347380 1.6557385 9.0234594 0.0347157 0.8017471 
Car -1.00 -1 -2.3356473 922.0369263 192.2628479 3888.0981445 1725.3504639 1.4398373 1.6077344 4.0901480 2.7013249 1.6636923 2.3148355 -1.4733522 0.7137510 
Car -1.00 -1 -1.7055792 701.2667847 177.6690979 818.5396118 272.8199768 1.4851146 1.5726839 3.8144598 2.9079609 1.6734338 14.2772789 -1.5046501 0.8197579 
Car -1.00 -1 -1.6358473 662.0878906 179.0039673 721.3730469 230.5479279 1.4432822 1.6065578 3.9290307 2.8283925 1.7495752 24.8953381 -1.5227211 0.7340983 
Car -1.00 -1 -1.6463200 690.4326782 179.5291138 759.8770142 243.1996155 1.4693826 1.5222731 3.4832315 3.1486614 1.7241434 19.8455105 -1.4889729 0.6923751 
Car -1.00 -1 -1.6529696 654.9300537 172.5695343 699.8434448 213.8583069 1.6900270 1.6313404 3.7313159 3.1616600 1.7416734 33.7171783 -1.5594730 0.5899307 
Car -1.00 -1 -2.7238904 335.9514771 183.0232391 512.4139404 248.2536163 1.4868139 1.5832951 3.7875957 -4.5216236 1.7997183 17.8603630 -2.9718459 0.4857177 
Car -1.00 -1 -2.8404431 386.6726379 173.9950409 531.4465332 236.4726868 1.7459753 1.6652821 3.7136347 -4.3178315 1.8307968 21.1061802 -3.0422354 0.3733497 
Car -1.00 -1 -1.6117963 645.6597900 176.5717621 678.0519409 206.1180725 1.5087664 1.6237215 4.0764704 3.0595918 1.7965689 42.3409920 -1.5396609 0.3924663 
