Car -1.00 -1 -2.1538560 922.6124878 204.8574066 1512.8354492 514.0250854 1.4287909 1.5581412 3.5501184 3.8952222 1.7177829 5.5880022 -1.5451000 0.8113535 
Car -1.00 -1 -1.9022572 787.4228516 188.5620270 972.8533325 307.5727539 1.4360697 1.5685626 3.6081204 4.0383706 1.7402279 11.3226786 -1.5596597 0.8677417 
Car -1.00 -1 -0.6753501 -1122.1456299 140.4487610 273.8650208 766.9978027 1.5814352 1.6654167 4.3510880 -3.8466656 1.5974960 3.5587318 -1.4996103 0.6701275 
Car -1.00 -1 -1.1838944 201.8074951 148.6254425 485.2774658 335.1527710 1.9408560 1.8380263 4.5647802 -3.2087023 1.6368331 9.7680311 -1.5012798 0.7904339 
Car -1.00 -1 -1.4354770 472.0100403 173.3152618 550.1548462 234.8553772 1.6447016 1.7201771 4.0203204 -2.9661174 1.7173415 22.1761646 -1.5684403 0.7569179 
Car -1.00 -1 -1.7245467 675.0119019 176.2395630 727.8343506 217.3854370 1.6912390 1.6599344 4.0349116 4.0160480 1.8534079 32.0361938 -1.5998375 0.7442080 
Car -1.00 -1 2.2187885 -68.7513123 169.5447388 131.5679626 245.4755096 1.5017915 1.6167464 4.2371197 -13.5933142 1.5307412 17.2842159 1.5523595 0.5332816 
Car -1.00 -1 -1.7066985 736.5468140 187.0169067 835.2626953 259.8930359 1.3674746 1.6302410 4.0957131 4.0137625 1.7670463 17.0495987 -1.4754915 0.7415658 
Car -1.00 -1 2.0554809 113.8291779 174.6184845 231.3286896 224.4012146 1.4081217 1.5958581 4.1674323 -14.3547668 1.5320315 24.0013561 1.5164733 0.6483136 
Car -1.00 -1 -1.4277426 426.0910950 182.2131653 530.4862671 264.1210632 1.4119506 1.5879440 3.7377880 -2.8636782 1.7149489 16.0221825 -1.6046071 0.7030466 
Car -1.00 -1 -1.5004413 511.3068237 178.8431396 563.1892700 221.8812256 1.4669416 1.5991057 3.7156539 -2.8111441 1.7628584 28.2250156 -1.5997115 0.5209251 
