Car -1.00 -1 -1.9896596 777.5411377 180.1815033 1055.4455566 354.9509583 1.4716728 1.5546252 3.5475218 3.2689433 1.6209317 8.4512177 -1.6205828 0.8814441 
Car -1.00 -1 -1.7411294 705.2851562 176.0805511 832.7872314 278.6838989 1.4908317 1.5662662 3.6441016 2.8433902 1.6370319 13.3267832 -1.5309222 0.8795331 
Car -1.00 -1 3.6957486 -155.6077118 178.6280823 355.4313660 348.4229431 1.4761832 1.5929124 3.7984478 -4.6616263 1.5905635 6.9002199 3.1016030 0.7802530 
Car -1.00 -1 0.7922629 -578.6824951 204.5072021 233.4768066 450.0731812 1.4207283 1.6045517 4.1284394 -5.1623507 1.6952319 5.0675240 -0.0024046 0.7112819 
Car -1.00 -1 -2.6122333 82.6884308 161.5614319 463.6377563 304.8416748 1.8221856 1.7069303 4.0884519 -4.4225931 1.6997961 9.8781605 -3.0331848 0.7180112 
Car -1.00 -1 -1.6852303 678.1662598 165.9315948 746.5711670 227.9027863 1.7188869 1.5947140 3.6557915 3.2205031 1.5637195 22.8848419 -1.5454220 0.7222343 
Car -1.00 -1 -2.3247279 911.9727783 172.6178131 3419.8576660 1477.3681641 1.4630117 1.5758606 3.8170917 2.6465449 1.6009240 2.4045589 -1.4914588 0.6427711 
Car -1.00 -1 -1.6507765 655.3253174 171.5512695 704.3190918 212.1254578 1.4668571 1.6154430 4.1438174 3.0556064 1.5058690 31.4917011 -1.5540503 0.6582346 
Car -1.00 -1 -1.7120947 691.7440186 174.0176544 776.1678467 243.4541473 1.4683127 1.4738507 3.3090451 3.1101470 1.5770418 18.1956539 -1.5428027 0.5804306 
Car -1.00 -1 -2.8863958 479.4393921 166.4292450 560.6558838 202.9083557 1.7587539 1.6263043 3.6147089 -4.4872818 1.4468582 36.0566711 -3.0102100 0.5034615 
Car -1.00 -1 -1.6113227 649.1656494 171.4749603 679.2886963 198.4396973 1.4858902 1.5776182 4.1500883 3.3485198 1.4574946 44.3966446 -1.5360425 0.4808265 
