Car -1.00 -1 -1.3183608 286.9900818 189.6035461 495.4291077 327.6772156 1.4448323 1.6153895 4.0457854 -2.6829786 1.6849471 9.7950916 -1.5857139 0.8902649 
Car -1.00 -1 -1.8947522 755.6067505 176.5563354 926.9455566 284.7715454 1.6240960 1.6599029 3.9073362 4.0031171 1.7220751 13.2388163 -1.6011158 0.8654026 
Car -1.00 -1 -0.9044947 -1055.7384033 139.8440552 358.8703003 897.9982910 1.6083443 1.6662201 4.1259971 -2.8860474 1.6580923 3.3513148 -1.6154372 0.7733748 
Car -1.00 -1 1.9737989 221.6084290 181.4981689 326.2586975 231.1199951 1.4405200 1.6182860 4.2238793 -11.1557875 1.7893603 24.3086624 1.5435500 0.7610391 
Car -1.00 -1 -0.7606445 1035.4520264 192.9367981 1249.4984131 265.7867126 1.4932768 1.6464577 4.0497847 12.4322491 2.0176843 16.9862919 -0.1288291 0.6985300 
Car -1.00 -1 -1.4277066 428.9847107 182.2566681 527.9341431 256.6228027 1.4282266 1.5582697 3.6352499 -2.9511623 1.7076933 16.4899826 -1.6047988 0.7570521 
Car -1.00 -1 2.1006134 119.5423660 176.9305725 235.6237030 224.7938995 1.4793851 1.6122707 4.1551514 -15.2038689 1.7010217 25.7004299 1.5664078 0.5575485 
Car -1.00 -1 -1.4403453 461.2885437 171.3677979 544.6712646 239.7794189 1.7267199 1.7044249 3.9304121 -3.0732427 1.7479876 21.0971851 -1.5849986 0.6224457 
Car -1.00 -1 -1.4875133 516.4703979 176.7928009 568.2871704 221.5159149 1.5062047 1.5777141 3.7076972 -2.6136453 1.7394894 28.1697884 -1.5800303 0.6138843 
Car -1.00 -1 -1.6695268 666.5061646 183.0804749 704.8770752 212.3469391 1.4323717 1.5894148 3.7426667 4.0367107 1.9959533 38.3921547 -1.5647676 0.5716977 
Car -1.00 -1 -1.5183441 562.1019897 178.6610413 585.8997192 199.5038300 1.4697183 1.5700233 3.5639238 -2.7228854 1.9580814 55.2417717 -1.5675945 0.4103975 
