Car -1.00 -1 -1.9022708 750.8321533 168.2483826 1001.7395020 335.7477112 1.5119709 1.5780929 3.7975993 2.9938109 1.5253417 8.8584375 -1.5763607 0.8947427 
Car -1.00 -1 -1.7891343 679.3121338 169.2430115 787.9272461 245.8771057 1.5543619 1.6546191 3.8213871 2.9093688 1.5281521 17.3969841 -1.6234336 0.8487827 
Car -1.00 -1 2.1623485 129.4896393 195.2772217 230.5425262 235.9239502 1.4807554 1.5837113 4.1805143 -17.9035625 2.4799492 30.3890572 1.6299489 0.7163553 
Car -1.00 -1 1.9176295 334.3086853 185.7248535 375.2598267 207.8069611 1.4139240 1.6748561 3.4573188 -17.8269501 2.3638072 50.7008362 1.5795206 0.6275609 
Car -1.00 -1 2.2471231 -148.3232269 206.1345367 59.5370560 286.4990845 1.4467940 1.6493219 3.7540882 -14.6424866 2.2892005 16.4777756 1.5206308 0.6134178 
Car -1.00 -1 -2.3375692 973.7175903 193.9198761 2956.3696289 1203.2291260 1.4373602 1.5669305 3.4567091 3.1368287 1.6458538 2.8117108 -1.4975703 0.6422882 
Car -1.00 -1 -1.7064801 642.7000732 171.9932709 700.6095581 216.8415375 1.5091909 1.6103463 3.6187267 2.3587871 1.5301716 27.6830235 -1.6214784 0.6957564 
Car -1.00 -1 1.9833178 284.3825073 188.6042023 335.6614685 214.9787292 1.4386318 1.6888193 3.2103884 -18.0971432 2.4343899 43.7524757 1.5911207 0.5989809 
Car -1.00 -1 2.0241129 222.8102112 191.3321533 288.6564941 222.9235229 1.4479806 1.5750643 3.7989273 -18.1146393 2.4424616 37.1912956 1.5708654 0.6178134 
Car -1.00 -1 1.8206166 377.9862366 176.3670807 422.2494812 205.0438538 1.5937989 1.7208182 3.9395654 -12.6571150 1.8530298 43.9241714 1.5400589 0.5561418 
Car -1.00 -1 2.2454777 -4.5877528 201.5614624 122.4999084 251.4182434 1.4409959 1.5393001 3.8737538 -18.9567051 2.5050473 25.1156998 1.5989275 0.4071005 
