Car -1.00 -1 -2.5241903 -49.8634834 190.8423767 232.8260193 294.5032654 1.4808105 1.5404910 3.4428194 -7.9773870 1.8012776 11.2873716 -3.1394343 0.7690159 
Car -1.00 -1 1.6647320 515.2050171 177.5042725 550.4056396 206.3077393 1.4071864 1.5866401 3.7891514 -4.0600204 1.6966943 38.7716942 1.5603962 0.7294149 
Car -1.00 -1 0.5295040 84.5818710 170.3388672 344.8557434 265.3186035 1.6256310 1.7025683 4.3466282 -7.7368279 1.7116041 14.2453232 0.0319633 0.6797363 
Car -1.00 -1 -1.5503219 571.2080688 172.8713074 604.5880737 203.5606384 1.5132124 1.6677082 3.7960689 -1.0976485 1.5366905 38.1874084 -1.5790577 0.7044652 
Car -1.00 -1 0.4446483 262.3540649 174.6625977 418.0918579 232.4814301 1.6600417 1.6435212 4.1449986 -8.5610876 1.8364304 23.0996246 0.0897268 0.5135627 
Car -1.00 -1 3.2389182 389.9484558 177.1570435 476.9193726 208.0287018 1.5483752 1.6559997 4.2683182 -9.1144190 1.7910044 37.6805687 3.0015903 0.5051024 
Car -1.00 -1 0.6708188 -277.2915039 195.9796600 176.8505249 338.8534851 1.5009686 1.6433173 4.2181864 -7.8198819 1.8607453 8.6964512 -0.0615563 0.5113344 
Car -1.00 -1 3.4527156 315.5603333 180.1212463 434.5142517 222.4237366 1.4988525 1.5684485 3.9689305 -8.5203266 1.7987305 26.4391899 3.1409628 0.4619752 
Car -1.00 -1 3.5336209 161.0785675 178.0282135 356.2481689 246.9906006 1.5600269 1.6152023 4.1312780 -8.5443230 1.7567763 17.6709061 3.0832400 0.4709096 
Car -1.00 -1 3.9139809 -567.2035522 195.0606384 52.4742508 387.9435730 1.5534586 1.6540368 4.0776982 -7.9354486 1.8112776 6.8717155 3.0568669 0.4512495 
