Car -1.00 -1 -1.9036614 751.4017334 179.9211884 962.9453125 316.0375061 1.6080295 1.6071416 4.0621381 3.3924022 1.7231790 10.7729702 -1.5985920 0.8950495 
Car -1.00 -1 2.0887006 58.2774620 174.0659332 261.4028931 270.0982056 1.4852633 1.6212718 4.1856699 -8.9135303 1.6194331 14.6694613 1.5426934 0.8161059 
Car -1.00 -1 2.4070656 -307.9643555 183.7491302 116.8931198 330.7136536 1.4884148 1.6554589 4.3553085 -9.3694391 1.7190201 10.0826387 1.6583154 0.6871027 
Car -1.00 -1 -1.7437153 686.9364014 181.5588379 789.2065430 259.4564819 1.4777944 1.6289910 3.7253881 2.9707627 1.7678457 17.0968132 -1.5716718 0.7919516 
Car -1.00 -1 1.9557483 347.7175598 173.0852814 428.4833984 219.2451935 1.6843729 1.6664006 4.1527834 -8.9496107 1.7323453 29.5367413 1.6615422 0.7152723 
Car -1.00 -1 -1.6661253 676.4628296 178.2719574 739.5856323 234.8732452 1.5350127 1.5719632 3.3643939 3.1143670 1.7782480 22.9993820 -1.5315330 0.6531709 
Car -1.00 -1 1.8908215 412.3264465 178.1243286 468.5223694 212.3332825 1.5186635 1.5431415 3.9328794 -8.4593296 1.8476457 36.3835907 1.6623763 0.5786718 
Car -1.00 -1 1.8913787 438.1395874 178.1467285 485.4182434 207.6856995 1.5543747 1.5050802 3.7179155 -8.4558363 1.9096700 41.4827347 1.6902937 0.4543279 
Car -1.00 -1 -1.6319253 650.0499268 179.8245392 696.1526489 220.0208435 1.4557925 1.6101053 3.8176150 2.6610994 1.8143821 30.4338531 -1.5447084 0.3221696 
Car -1.00 -1 -1.6467193 654.1163940 178.9614868 707.8658447 224.7207947 1.4636929 1.6285933 3.8703582 2.7051690 1.7702068 27.3905830 -1.5482758 0.4191173 
Car -1.00 -1 -1.6101312 645.0650024 174.9269562 678.6641235 205.6685638 1.5319170 1.6068774 3.6726134 2.9777043 1.7196153 40.9585724 -1.5375584 0.3972905 
