Car -1.00 -1 -1.0961206 909.9821167 199.6753845 1548.1278076 534.0573730 1.2939786 1.5743767 3.9061449 4.0227280 1.5482399 4.5374393 -0.3707787 0.7373492 
Car -1.00 -1 -1.7494592 780.6243286 165.7119751 918.6967163 279.5483093 1.5159841 1.5636115 3.4305165 3.8556895 1.4629424 12.1752806 -1.4427692 0.8694593 
Car -1.00 -1 2.0524259 266.7752991 144.4306488 354.1852112 188.1561127 1.5401988 1.5731728 3.9277112 -11.9525194 0.4600467 29.0974483 1.6626649 0.7537823 
Car -1.00 -1 -1.5701955 664.4204712 151.5588074 726.8466187 210.8670654 1.5693372 1.6617541 3.6569128 2.5643787 0.9942682 21.3800488 -1.4508232 0.8511876 
Car -1.00 -1 1.9952379 333.1220093 142.3015900 407.6119385 181.7564240 1.5942345 1.6739243 3.9282203 -11.1219511 0.2560017 33.6880302 1.6763592 0.6985406 
Car -1.00 -1 -1.6442997 741.7578125 160.8704987 805.9293823 215.4306335 1.3965617 1.5438128 3.9756069 5.1499915 1.1238861 22.7434464 -1.4216166 0.6879863 
Car -1.00 -1 1.9744036 398.4355774 149.1138000 454.5924988 173.4437714 1.3863181 1.7714398 4.1608109 -11.5032616 -0.0607004 45.5997963 1.7272937 0.5195813 
Car -1.00 -1 -1.6398194 761.4739990 163.6589050 842.5899048 236.7892914 1.3634094 1.5361686 3.6584735 4.6164432 1.2788864 17.4560032 -1.3812767 0.6136750 
Car -1.00 -1 -1.6101401 736.8101807 152.6135864 773.9825439 187.6551971 1.4831567 1.5409367 3.5395606 7.1124701 0.5817579 35.2773628 -1.4111915 0.5626076 
Car -1.00 -1 -1.6054453 740.8521118 157.4549866 786.8064575 199.8390961 1.4124683 1.5563159 3.5595450 5.9821138 0.8805037 28.0997066 -1.3956879 0.3100318 
