Car -1.00 -1 -1.8311499 744.0897827 179.3166046 939.8944092 312.6574707 1.4551257 1.5829952 3.8164861 3.1001625 1.6094264 10.2842932 -1.5383667 0.8930166 
Car -1.00 -1 -2.0828915 850.8111572 196.4425507 1497.1789551 562.4238281 1.4180883 1.5710187 3.8363895 2.9763803 1.6267253 4.9368386 -1.5403483 0.8264367 
Car -1.00 -1 0.7110254 -338.5436096 191.0242920 305.3883362 391.1002502 1.4993892 1.6075683 4.1728196 -5.2044420 1.6935977 6.3384509 0.0235561 0.7535391 
Car -1.00 -1 0.3937041 319.9138184 171.1729431 511.8463440 238.1656647 1.5593535 1.7182686 4.3836403 -4.9606409 1.5828367 18.7383728 0.1349091 0.7568128 
Car -1.00 -1 -1.7866859 673.6235352 176.3593750 781.5096436 252.4401398 1.5499800 1.6668133 3.9263837 2.7656789 1.6800013 17.5242348 -1.6301568 0.8397312 
Car -1.00 -1 0.3923736 408.0069275 169.1578674 537.7651978 220.5300751 1.6162980 1.6483333 4.1450186 -4.7202806 1.5967520 25.1652870 0.2069570 0.5780816 
Car -1.00 -1 -1.6871557 669.8941040 176.5755615 727.8475952 227.9088287 1.5202204 1.5130782 3.2848513 2.9283493 1.6802225 24.1036339 -1.5662582 0.5931951 
Car -1.00 -1 -1.6115123 635.0836182 176.6206970 669.0386353 208.1656799 1.4799514 1.6007891 3.9277964 2.3423424 1.7672350 39.7220345 -1.5526122 0.5112703 
Car -1.00 -1 -1.6426097 647.0679321 178.3407440 695.2819824 219.7018127 1.4469495 1.5728279 3.6913171 2.5408494 1.7493731 29.7877407 -1.5575172 0.5205467 
Car -1.00 -1 -2.8477830 442.1278076 176.5036011 549.3371582 213.8453064 1.4702564 1.5679610 3.9776742 -4.7186584 1.6935856 30.4078960 -3.0017338 0.3710168 
