Car -1.00 -1 0.6397893 -48.8825569 174.8924408 405.2737732 354.6969910 1.6088678 1.6297185 3.6427262 -4.3952622 1.6753899 7.5232453 0.1110504 0.8590731 
Car -1.00 -1 -1.9259649 799.3339844 181.7898254 1110.3791504 370.6419983 1.4476134 1.6497418 4.0351038 3.4560299 1.6168385 7.9718399 -1.5168917 0.8565705 
Car -1.00 -1 0.5678925 171.1484985 151.4082336 481.5952759 299.1318054 1.7995218 1.6158731 3.6387820 -4.0024662 1.6042228 10.2459164 0.1954809 0.7878420 
Car -1.00 -1 -1.7354255 738.2725830 182.3011780 860.5106201 274.5703430 1.4546289 1.5863521 3.8575654 3.5934718 1.7080227 14.1148853 -1.4861339 0.8507061 
Car -1.00 -1 -2.2854364 931.2987671 155.7755737 2889.7868652 1205.3325195 1.6698502 1.6827947 3.6627431 2.9156191 1.7129400 2.6646063 -1.4550860 0.7124131 
Car -1.00 -1 -1.6522205 716.9085083 179.2564850 791.3966064 245.7460785 1.4790760 1.5812297 3.4450727 3.8499610 1.7312550 19.3764896 -1.4560826 0.7940288 
Car -1.00 -1 0.3325181 458.4635620 174.2106781 577.9856567 218.5218658 1.5894346 1.6374223 4.0988083 -3.5046227 1.6990352 28.2032661 0.2088888 0.6067432 
Car -1.00 -1 -1.6838048 684.2206421 177.5420685 744.8796997 226.6366272 1.5292596 1.6457710 3.7368693 3.8809538 1.7828564 26.6959286 -1.5394399 0.6288457 
Car -1.00 -1 0.5381146 259.4497986 167.4994049 528.5720215 261.1847534 1.5184573 1.6604401 4.2700000 -3.9608641 1.5672447 13.4319429 0.2513580 0.5023292 
Car -1.00 -1 -1.6185866 672.2312012 178.9601593 707.1924438 209.9603882 1.4627453 1.5766447 3.5338836 4.3349323 1.8523353 38.9981766 -1.5078838 0.5023164 
