Car -1.00 -1 -0.9929362 -291.2576294 206.7544556 374.5119629 560.9126587 1.3916132 1.5940131 3.7850850 -3.1028373 1.7028474 5.0542569 -1.5435178 0.8032286 
Car -1.00 -1 -1.3053137 313.5600586 169.7064514 506.5339355 306.7133789 1.6606253 1.6934193 4.2069478 -2.8228955 1.6321022 11.1614904 -1.5530329 0.8720118 
Car -1.00 -1 2.1075457 119.2467804 170.9140778 248.9882050 224.3265991 1.5315837 1.6942135 4.2763996 -14.2274866 1.5496022 24.3479252 1.5787199 0.7275094 
Car -1.00 -1 2.0110057 252.8315887 175.2460938 331.1672363 210.4590149 1.4367322 1.6487558 4.1657867 -14.5298595 1.6004178 33.2533112 1.5990614 0.7359917 
Car -1.00 -1 2.1910938 -35.9376373 170.3619995 127.2881927 235.2896118 1.5448811 1.6293793 3.9345274 -15.5938730 1.5568454 20.1629162 1.5327880 0.6460679 
Car -1.00 -1 -1.8075118 715.5474243 173.4515533 810.0471802 240.1133118 1.6851979 1.6913970 3.8938916 4.2730713 1.7365114 20.7601109 -1.6045160 0.7453164 
Car -1.00 -1 -1.4490204 460.7672729 179.0473785 551.6256714 251.4435272 1.4357544 1.5861908 3.9902709 -2.5289907 1.6824362 18.0171585 -1.5884750 0.7580995 
Car -1.00 -1 -2.2151122 936.8229980 204.5689545 1645.6090088 548.6306152 1.4028040 1.5974911 3.9679363 4.0394216 1.6749571 5.2335820 -1.5577873 0.6310726 
Car -1.00 -1 -1.4637668 507.1368103 171.3339539 569.4691162 222.3170776 1.6597270 1.6843003 3.7761226 -2.5463278 1.6492134 26.0277748 -1.5612876 0.4541582 
Car -1.00 -1 0.1083853 934.5521851 184.9832306 1039.9906006 230.7676086 1.6516590 1.7411357 3.5129278 14.9939375 2.1678480 28.3593006 0.5947387 0.2819549 
Car -1.00 -1 -1.5182558 510.4534302 170.5748291 567.0444946 222.7258301 1.6358466 1.6656989 3.7529323 -2.5093107 1.6447048 25.9301376 -1.6147274 0.3136687 
