Car -1.00 -1 -1.7086525 860.4774170 155.1651917 970.8241577 242.2557831 1.4535795 1.5278381 3.7542405 6.0002847 1.1617628 14.4872131 -1.3159838 0.8608716 
Car -1.00 -1 -1.5375511 755.3246460 146.0466156 825.3560181 211.3438568 1.5133146 1.6373116 3.5364015 4.8651571 0.8745687 19.1640186 -1.2889340 0.8429084 
Car -1.00 -1 1.9827742 427.4797668 142.5713043 498.6565247 180.5290375 1.4791951 1.5133424 3.9650779 -6.3527079 0.2017294 31.8335133 1.7858014 0.7311703 
Car -1.00 -1 3.0219182 -86.4753571 149.5652008 138.5660248 235.8630676 1.4923937 1.6152794 3.9803705 -10.7941914 1.0804458 13.3435755 2.3417480 0.6054240 
Car -1.00 -1 -0.9156042 1039.1760254 167.0668793 1760.1098633 492.6929016 1.4700298 1.5714581 3.2887721 4.6122236 1.4940346 4.2909098 -0.0941318 0.5834490 
Car -1.00 -1 -1.6115211 841.5203857 148.4425201 900.2752686 199.1016235 1.3741026 1.5563892 3.7992947 8.7120256 0.6769408 24.0978184 -1.2646139 0.6910735 
Car -1.00 -1 1.8876293 480.4173279 138.4844055 539.6196289 173.0276794 1.5374619 1.5979682 4.0429473 -5.0533895 -0.1442478 36.8298912 1.7512718 0.6470632 
Car -1.00 -1 1.9279873 531.7251587 139.4042053 580.4714355 165.9609070 1.5054089 1.6375966 3.8739712 -3.2549791 -0.5162506 44.7175484 1.8553257 0.5830119 
Car -1.00 -1 -2.6423523 202.5351410 129.8102875 342.4255676 190.6782990 1.8522985 1.6654724 3.6605816 -10.7644329 0.5042205 23.1673164 -3.0773129 0.4673079 
Car -1.00 -1 -0.9586592 909.7322998 174.4865723 1255.0073242 322.0546875 1.3859082 1.5669481 4.1010408 6.1208396 1.5527310 9.0974770 -0.3664181 0.5467912 
Car -1.00 -1 -1.6013450 840.0385132 138.6979675 881.1724854 177.5090790 1.5261602 1.5739019 3.5740111 11.5062733 0.0751826 33.0714226 -1.2665226 0.5117158 
Car -1.00 -1 -2.5194646 138.6527405 146.2525940 271.4351196 194.2534027 1.4144694 1.6325860 3.6063297 -12.7583017 0.6153873 22.7436104 -3.0306849 0.4682147 
Car -1.00 -1 -2.1854924 60.9620285 149.3037567 190.1017151 205.2940063 1.4264835 1.6192271 3.3966248 -13.7308636 0.8374751 20.3432331 -2.7792144 0.3334248 
Car -1.00 -1 -1.5994907 851.4282837 149.9701996 923.3110352 214.2041016 1.3789062 1.5746827 3.7870655 7.4628367 0.8831689 19.4226475 -1.2326493 0.3337934 
Car -1.00 -1 -1.5749030 833.9487915 134.0102692 861.5339355 160.6924438 1.6411883 1.6346811 3.9274101 16.2511749 -0.8979715 49.1916847 -1.2558270 0.2995019 
