Car -1.00 -1 -1.9880388 807.1915283 166.8096771 1231.7999268 432.1717224 1.4993405 1.5853243 3.7485232 3.0422351 1.5252650 6.2387662 -1.5343328 0.8529963 
Car -1.00 -1 -1.8070206 695.0647583 169.5693207 831.2859497 262.2500000 1.5262566 1.6382812 3.8953528 2.9593413 1.5223753 14.4579239 -1.6051229 0.8801949 
Car -1.00 -1 2.1802416 87.6329651 197.8927612 201.3112183 241.4650879 1.4510487 1.6138090 4.2004924 -17.8839035 2.4720255 28.0367336 1.6124381 0.7042865 
Car -1.00 -1 2.3710403 -98.7908020 204.6610413 77.0270233 264.8413391 1.4378438 1.5434223 4.1790352 -18.0791454 2.4502910 21.3261242 1.6678560 0.5919894 
Car -1.00 -1 -1.7294836 649.6093140 172.9562531 718.8258667 223.8391418 1.5137860 1.6417993 3.7482142 2.5081832 1.5747731 24.6368504 -1.6280270 0.7400275 
Car -1.00 -1 2.0310773 192.5352478 193.3271942 269.2889404 227.8742218 1.4307398 1.5721247 3.9459963 -17.5825424 2.4261597 33.7465210 1.5507571 0.6501931 
Car -1.00 -1 1.9736031 266.1197510 189.7535095 321.8352051 217.8795319 1.4101168 1.7122312 3.2590904 -17.6334324 2.4091739 40.4920425 1.5628903 0.6067285 
Car -1.00 -1 1.8127242 359.8832397 176.1817474 407.7340698 208.9316711 1.7106464 1.7091482 3.7602179 -12.5819302 1.9352667 40.4662933 1.5112760 0.5199009 
Car -1.00 -1 1.9584328 322.7539062 186.7006226 368.4675903 210.4069824 1.4276872 1.6278621 3.5016441 -17.3807030 2.3934562 47.7155457 1.6091141 0.4484261 
Car -1.00 -1 -1.6704620 635.2297974 172.9406738 687.6298218 215.7822418 1.5030067 1.6059043 3.9800413 2.1680489 1.5984665 30.1742249 -1.5987343 0.4775405 
