Car -1.00 -1 -1.2802161 165.5465088 191.5518646 328.5784302 291.6138000 1.4715621 1.6803324 3.9051504 -6.5428643 1.8891821 13.5626192 -1.7297002 0.8828404 
Car -1.00 -1 2.0244651 807.8425903 176.3517303 977.8112183 253.8794098 1.4761827 1.6961188 4.2380195 6.2886472 1.6009067 15.7853279 2.4035790 0.8009771 
Car -1.00 -1 1.9484649 41.9089241 196.5706940 136.7092133 246.2903442 1.5824742 1.7319423 4.0789580 -20.0571175 2.6072643 28.0081329 1.3270035 0.7848533 
Car -1.00 -1 -1.6063668 371.7644653 182.2252045 426.7405090 232.3402710 1.5742632 1.7023320 3.5611227 -7.2315311 1.9091372 24.6600227 -1.8916187 0.8236840 
Car -1.00 -1 1.4176243 1066.4970703 168.5297852 1238.1177979 280.6743774 1.5529861 1.6952552 3.7063577 9.1014881 1.5670998 12.2657108 2.0560031 0.7554587 
Car -1.00 -1 2.0665491 739.2109375 172.7969818 870.5878296 240.6374054 1.5932680 1.5973881 3.8513448 5.5107450 1.7050589 19.9065113 2.3366170 0.6879242 
Car -1.00 -1 2.0624154 698.2637329 174.6121368 819.8774414 233.4958038 1.5550900 1.6178421 3.8904943 4.7088213 1.7113166 22.1266785 2.2720993 0.5512398 
Car -1.00 -1 2.9928804 545.0086670 173.8203430 638.3416138 211.2865753 1.5852370 1.6542410 3.9939229 -0.8369454 1.6982417 33.2539711 2.9677174 0.4157521 
Car -1.00 -1 2.1653080 649.9359741 172.6932068 759.2878418 227.4249268 1.6200819 1.6074070 3.8756139 3.3837109 1.7358511 24.8276119 2.3007617 0.4806278 
Car -1.00 -1 2.0772260 -70.3683929 206.0107727 55.3993454 261.1844788 1.3669807 1.5155585 3.5484712 -18.4220428 2.4622250 21.7522278 1.3745322 0.3237345 
Car -1.00 -1 2.1649695 614.5515137 176.0582581 709.9385986 221.0951843 1.5389222 1.6020811 3.8437922 2.1190035 1.7618401 27.8181419 2.2409961 0.3361691 
