Car -1.00 -1 -1.8272289 710.7487793 181.2526855 908.0655518 315.2587280 1.4630896 1.6427631 4.0811729 2.5855138 1.6173392 10.3856211 -1.5832375 0.8976536 
Car -1.00 -1 3.4450636 -110.6449127 196.5389252 294.4380188 344.4538574 1.4718672 1.6111443 3.7685380 -5.8248477 1.7939624 8.5304394 2.8459537 0.8086011 
Car -1.00 -1 -1.6588586 693.9546509 180.5350037 781.1696777 258.7096863 1.4437133 1.5204599 3.3270383 2.8197570 1.6883020 16.1760464 -1.4862759 0.7698899 
Car -1.00 -1 3.2934796 232.4344940 182.9121857 436.8265381 265.3804932 1.5546137 1.6754234 3.7133970 -5.5752468 1.8073788 15.1037483 2.9398651 0.6766740 
Car -1.00 -1 0.0915236 426.9291077 180.4801788 526.0982056 218.5768585 1.4895535 1.5945661 3.9031579 -5.3645515 1.8244660 29.4738350 -0.0885162 0.6087065 
Car -1.00 -1 -1.6683435 663.5411987 174.8097534 734.3031006 236.3121033 1.5307517 1.6095772 3.6609519 2.6683457 1.6816217 21.7670383 -1.5463655 0.7287775 
Car -1.00 -1 3.2818685 464.4531555 178.5890656 541.4077759 209.1628265 1.5357391 1.5231965 3.7726822 -5.4867258 1.8511149 37.5111656 3.1366293 0.4780280 
Car -1.00 -1 -1.6326592 646.3668213 176.3248901 689.1012573 214.3594818 1.4800688 1.5895435 3.7058117 2.6300244 1.7116166 32.7415199 -1.5525044 0.5769721 
Car -1.00 -1 -1.6083679 635.9844971 172.2018738 669.1053467 203.0731506 1.6549047 1.6581677 4.0051060 2.5077255 1.6586271 42.3042068 -1.5491588 0.4405222 
Car -1.00 -1 3.2810962 98.4519730 177.2368469 396.2910156 284.6680603 1.6070740 1.6585182 3.8537502 -5.6775250 1.7347552 11.7677870 2.8315761 0.3392080 
