Car -1.00 -1 -1.9003730 766.6675415 171.2631073 1046.5573730 362.9661255 1.4736269 1.5916501 3.4544981 2.9552364 1.5473558 7.8208003 -1.5390896 0.8910416 
Car -1.00 -1 -1.7720993 695.5651855 169.1172638 825.5643921 269.3916321 1.5518954 1.6113719 3.5984161 2.8918984 1.5784661 14.1193209 -1.5700749 0.8501994 
Car -1.00 -1 2.0803021 97.1406097 198.9612885 221.6330261 253.0158081 1.4283079 1.6043100 3.8387966 -14.1762123 2.3405642 23.0585060 1.5290762 0.7810037 
Car -1.00 -1 2.1851033 -20.2914886 200.3718872 115.6167297 258.8871460 1.5150867 1.5481004 3.5892208 -17.3840828 2.4628568 22.5763474 1.5289164 0.6961349 
Car -1.00 -1 -1.7095649 659.5382080 170.4530792 733.7672119 228.8523712 1.5516114 1.6568487 3.6849635 2.7018592 1.5527980 22.5778198 -1.5904626 0.7951501 
Car -1.00 -1 1.9903416 266.6651306 191.7555084 321.6115112 218.7082825 1.4381968 1.5254893 3.8416231 -18.3520412 2.5696687 42.2103577 1.5802200 0.6038053 
Car -1.00 -1 1.8946299 355.6233215 185.9670258 392.9607239 206.4975739 1.4189318 1.6389540 3.3796744 -17.4685040 2.4336801 53.7686501 1.5805041 0.5102085 
Car -1.00 -1 -1.6935013 632.4460449 173.3554077 680.7229614 211.7449646 1.4990630 1.5882069 3.5767748 2.1169055 1.5889757 32.5015259 -1.6284606 0.6136469 
Car -1.00 -1 1.7781615 406.5371704 177.0882263 443.7741394 201.5609131 1.6343473 1.7966250 3.9268179 -13.1737223 1.9794456 51.8260345 1.5292420 0.5652645 
Car -1.00 -1 2.0276628 204.4633484 193.0796204 277.3200073 227.1780701 1.4546021 1.5532008 3.9989927 -17.8460732 2.4899095 35.1380196 1.5577271 0.5655834 
Car -1.00 -1 1.9231600 314.6828613 189.0253754 358.3446655 211.6708069 1.3963521 1.6278758 3.3133917 -18.1705379 2.5028915 48.1889801 1.5625772 0.3236392 
