Car -1.00 -1 -1.9150122 747.7677002 181.0383911 1002.3954468 350.4313049 1.4930462 1.5733166 3.7443070 2.9010437 1.6473700 8.7068787 -1.5933908 0.8797355 
Car -1.00 -1 -2.2970889 901.0551147 169.9759979 2370.1147461 930.6997070 1.5425473 1.6192563 3.7912972 3.0732427 1.6316360 3.3880713 -1.5603774 0.7957312 
Car -1.00 -1 -2.5379387 -45.6002464 180.9332733 424.9851685 344.2402344 1.5479250 1.6722598 4.3517504 -4.4801750 1.6868312 7.9536772 -3.0509231 0.8033634 
Car -1.00 -1 -1.7825634 711.1433105 178.6444702 831.4534912 270.5332947 1.4861000 1.5334077 3.3998997 3.1292477 1.6721583 14.3373537 -1.5676749 0.8242023 
Car -1.00 -1 -1.6423800 676.1915283 178.1532898 753.2230835 247.0199738 1.4637460 1.5544289 4.0450258 2.7197976 1.6883754 19.0182610 -1.5003333 0.7939475 
Car -1.00 -1 0.8814638 -790.9299316 210.6167603 174.1891022 520.6814575 1.4610420 1.6268094 4.2033100 -5.2379975 1.7549271 4.4218764 0.0117801 0.5333214 
Car -1.00 -1 -1.6467650 662.8758545 171.5930328 713.4402466 220.1214294 1.7235880 1.5638026 3.5932040 3.0372500 1.6956811 28.2378006 -1.5396172 0.5727756 
Car -1.00 -1 -1.6172765 646.5927734 175.7514801 685.1265869 208.6570129 1.4504911 1.6205165 3.9891827 2.9012640 1.6723779 37.0952301 -1.5392241 0.5408987 
Car -1.00 -1 -2.9290397 489.2631836 170.4562836 563.5199585 202.8302460 1.7250960 1.6215376 3.5801961 -4.5835509 1.6032189 39.3644943 -3.0449564 0.4050811 
Car -1.00 -1 -2.6578955 214.6376953 179.9320831 464.4352112 273.6266785 1.5187368 1.6196574 3.5772326 -4.5481358 1.7104465 12.3991976 -3.0094657 0.4756930 
Car -1.00 -1 -2.7258289 304.6980286 170.9036255 510.4025574 256.4609375 1.7569141 1.6736649 3.8260264 -4.2969847 1.7518507 15.5854321 -2.9948506 0.4774637 
