Car -1.00 -1 -1.8435998 735.3166504 185.8790894 1002.5527954 367.5646667 1.4537264 1.6068976 3.9773979 2.5849068 1.6457226 8.1191692 -1.5353754 0.8883026 
Car -1.00 -1 -1.6539064 690.7977295 185.5372772 773.9241333 262.4508972 1.5231106 1.5471897 3.6987290 2.7507045 1.8518643 16.6275387 -1.4899606 0.8863812 
Car -1.00 -1 1.7315632 504.0362549 184.1061554 568.3905029 233.8758240 1.5341537 1.6402858 3.6720493 -2.4287047 1.9544650 24.6987762 1.6335453 0.8440753 
Car -1.00 -1 -2.3302029 929.9645996 195.9445801 3504.7487793 1524.7286377 1.4058191 1.5988585 4.1370020 2.8097062 1.6390172 2.5267670 -1.4918344 0.7478368 
Car -1.00 -1 0.1538307 114.8911819 198.0934753 211.2264252 235.1162872 1.5516585 1.7110250 3.5271912 -19.8719997 2.7163149 32.3665428 -0.3967957 0.6579128 
Car -1.00 -1 0.1919989 250.1835022 192.1531219 340.4621887 225.1759033 1.5036502 1.7048745 3.6550515 -14.9022970 2.4489434 34.5337257 -0.2153887 0.6399250 
Car -1.00 -1 -1.5637523 577.8007812 184.5958862 655.0236206 257.1021729 1.5279529 1.6372919 3.8018763 0.1878775 1.8235977 17.3200035 -1.5529053 0.8383501 
Car -1.00 -1 -1.5758832 671.4673462 182.2103882 736.3901978 243.0401306 1.4723837 1.5723000 3.9351020 2.7965515 1.8118644 20.8854084 -1.4427751 0.6761375 
Car -1.00 -1 -1.5697928 610.3718872 174.0758820 666.7630615 231.8288422 1.7314630 1.6799130 4.3300095 0.9454592 1.8391349 24.5802040 -1.5313475 0.6536457 
Car -1.00 -1 0.5135482 -64.6070480 203.4259949 50.2188377 242.5197906 1.5419354 1.6842340 3.4299133 -25.9057312 2.8693068 30.4597187 -0.1912311 0.2993668 
Car -1.00 -1 2.4117144 -1657.0250244 231.3262482 169.8489532 1028.4953613 1.3759640 1.5911670 3.8017464 -3.9476621 1.8604077 2.9632204 1.4848201 0.3766781 
