Car -1.00 -1 -1.0579144 -398.0263977 191.7216644 398.0757751 634.4868164 1.4131619 1.6196684 4.1820579 -2.7270560 1.6308719 4.4804425 -1.6046755 0.8371005 
Car -1.00 -1 -2.0239260 827.6640015 162.6569672 1185.7504883 358.7913513 1.5913244 1.6821021 4.3296638 4.0205612 1.5140894 8.1875610 -1.5674582 0.8514725 
Car -1.00 -1 -1.3148100 298.5900269 182.0608826 477.8234253 303.2801208 1.4016054 1.5423434 3.4783521 -3.0950489 1.5927180 10.6658287 -1.5972368 0.8678792 
Car -1.00 -1 -1.4328808 403.5350037 161.5141449 515.1383667 257.5738525 1.6623853 1.6760601 3.9646988 -3.1397395 1.5132913 15.4994946 -1.6327467 0.8251310 
Car -1.00 -1 2.0928696 132.1822662 177.4336548 244.3704834 220.0791779 1.4461063 1.6227617 4.2766056 -15.9135876 1.6784098 27.5322647 1.5687853 0.6364595 
Car -1.00 -1 -1.4440534 483.9693298 169.0293579 555.1124268 225.6014862 1.5352117 1.6168938 3.9391611 -2.8530779 1.4942357 23.1660404 -1.5665941 0.7281143 
Car -1.00 -1 1.9939999 213.6169739 173.7964172 295.0084229 213.6475067 1.4620501 1.5144079 4.1017809 -15.0294380 1.5804904 30.7327595 1.5391616 0.5723246 
Car -1.00 -1 -1.6841227 672.4108887 178.3610687 714.3061523 209.3580170 1.4011651 1.5792531 3.7648854 4.1048985 1.7051943 35.5889282 -1.5692881 0.6313325 
Car -1.00 -1 -1.5031579 550.7102051 171.9270325 576.0984497 193.4868622 1.4751917 1.6086259 3.7111578 -3.4223709 1.4434922 53.7735062 -1.5667163 0.4988650 
Car -1.00 -1 1.7756096 344.2232666 165.0049438 410.1299133 210.4382324 1.6299701 1.5748695 3.8485417 -8.9170275 1.3556980 28.0068607 1.4673703 0.3625567 
