Car -1.00 -1 3.6244852 -384.4339600 180.2679596 234.8311310 397.4383850 1.6440359 1.6743015 4.0449910 -5.9445019 1.7768933 6.7330551 2.9012077 0.7996638 
Car -1.00 -1 -2.0057487 785.2290649 190.7700348 1323.9415283 515.2281494 1.4159205 1.6198264 4.2236004 2.6564882 1.6370606 5.5189795 -1.5571427 0.8432393 
Car -1.00 -1 -1.7836720 732.2532959 183.0242157 887.5083618 302.3925781 1.4218926 1.5188123 3.3474021 2.9483039 1.6567996 11.0996876 -1.5240467 0.8683735 
Car -1.00 -1 3.1635086 396.7711792 180.9349670 512.2641602 227.5421295 1.5091308 1.6044705 3.8641360 -5.2198772 1.8040933 24.6544380 2.9548681 0.7604679 
Car -1.00 -1 -1.7163442 685.5075684 176.2068939 784.6309814 256.6214905 1.5458713 1.6222976 3.7627466 2.8911200 1.7035257 16.9682655 -1.5475810 0.8554141 
Car -1.00 -1 3.2882216 -20.9436245 183.0438538 353.6805420 324.0776367 1.6272550 1.6630713 3.8906426 -5.5008421 1.7752917 9.4547586 2.7612870 0.7455049 
Car -1.00 -1 -1.6386341 660.2927856 177.8776245 709.6035767 220.8986664 1.4980282 1.5890086 3.6091197 2.9165032 1.7391752 28.1767864 -1.5354941 0.7103952 
Car -1.00 -1 3.2411668 443.9688416 179.0745239 537.5811157 213.5664062 1.4867688 1.5530940 3.9501247 -5.3405375 1.8039387 32.9509544 3.0804887 0.4522951 
Car -1.00 -1 -1.6133523 642.5299683 171.2444153 682.1920166 207.8234406 1.6055468 1.6520250 3.8610055 2.6899354 1.5992861 36.5387077 -1.5398661 0.5368887 
Car -1.00 -1 3.2482000 473.8938599 175.1178589 556.5106812 206.8636017 1.6259266 1.6652809 4.1109848 -4.8904805 1.7484461 37.7178078 3.1192596 0.2978887 
