Car -1.00 -1 -1.2729301 131.3372803 191.2975769 304.4574890 296.6976318 1.4788629 1.6874099 3.8995597 -6.7800360 1.8779845 13.0148516 -1.7531939 0.8805801 
Car -1.00 -1 1.9884428 772.3843384 176.1048889 925.0910034 249.2173920 1.4869108 1.6950430 4.2611327 5.6510792 1.6042387 16.7266808 2.3142512 0.7622012 
Car -1.00 -1 -1.6217805 347.0031128 181.5970612 405.1848145 233.0495911 1.5623363 1.7001641 3.6208334 -7.7679715 1.8667546 23.8520927 -1.9366206 0.8254872 
Car -1.00 -1 1.4456431 1007.7216187 172.8533478 1152.6442871 273.3858337 1.5162446 1.6677650 3.8441279 8.6424341 1.6079211 13.4313335 2.0174022 0.7824854 
Car -1.00 -1 2.0120230 706.7110596 173.5250702 827.5381470 239.3744202 1.5677986 1.5788394 3.9256327 4.6728311 1.6943249 20.6113853 2.2349656 0.7393916 
Car -1.00 -1 1.9421046 13.7901716 196.1603394 107.7113495 246.0997925 1.5618008 1.7339330 3.9370904 -21.0856934 2.5790129 27.8766384 1.2945246 0.7465939 
Car -1.00 -1 2.0417221 668.0654297 175.4887238 779.2214966 232.0062408 1.5234067 1.5673058 3.9136572 3.7981291 1.7079515 22.9759750 2.2055492 0.6160731 
Car -1.00 -1 2.2106798 616.8914795 171.9897766 725.2038574 225.9968719 1.6538404 1.5974164 3.9424388 2.3258722 1.7583230 25.9036331 2.3002291 0.5391729 
Car -1.00 -1 2.0276781 1130.5366211 176.2627258 1258.0161133 232.4212799 1.4619207 1.6315482 3.9349122 17.6474380 1.6395130 21.6694126 2.7111344 0.3890847 
Car -1.00 -1 2.1426173 590.3407593 176.1011810 677.9910278 220.1291046 1.5570990 1.5980436 3.7806606 1.0698205 1.7819685 28.4432869 2.1802120 0.2981376 
Car -1.00 -1 1.9351511 1210.2222900 174.4500275 1345.9052734 239.1273346 1.4420387 1.6102204 3.9823284 18.0637417 1.5332668 19.3705826 2.6856532 0.1856948 
