Car -1.00 -1 2.1406105 47.7692719 192.8983154 225.3020782 273.8778992 1.5712957 1.6726526 4.1145182 -11.3140249 2.1657300 17.6979694 1.5718056 0.8164950 
Car -1.00 -1 -1.3889246 478.4968262 185.1184540 564.3001709 245.9974823 1.5064960 1.6769441 3.6605933 -2.3446946 1.8567715 20.1091785 -1.5049987 0.8596368 
Car -1.00 -1 2.0999060 1018.4663696 169.4169464 1260.1787109 273.2831726 1.4993199 1.6483160 3.9196343 8.9500494 1.5058786 12.0828590 2.7374432 0.7376258 
Car -1.00 -1 -3.5315676 837.0550537 161.3236084 1020.2028198 229.7414856 1.5636444 1.6332947 4.1330743 8.2470531 1.3599225 18.7172165 -3.1165471 0.6835482 
Car -1.00 -1 1.9299945 258.6679993 196.0882263 321.6850586 230.4019470 1.4839351 1.6281204 3.7049377 -15.2830877 2.6442567 34.7442780 1.5155936 0.7333307 
Car -1.00 -1 2.2528532 -143.4922485 203.1186371 66.1341553 290.7102966 1.4836569 1.6569296 3.6141133 -14.1057224 2.2697096 16.0486813 1.5317998 0.6654765 
Car -1.00 -1 -1.5536922 577.1570435 175.4236145 613.9920654 210.6563873 1.5556579 1.6477766 3.4963243 -0.6307872 1.6965910 34.0687790 -1.5722052 0.7826807 
Car -1.00 -1 2.2878478 930.0930176 165.9959412 1131.7409668 247.7447510 1.4939387 1.5928755 4.0411267 9.1964788 1.4766914 15.5512686 2.8218939 0.6861242 
Car -1.00 -1 2.0029479 186.8921204 199.6741486 273.5490723 240.5696411 1.3802816 1.5703918 4.0636697 -15.1243143 2.5354462 29.0205650 1.5225171 0.6705584 
Car -1.00 -1 2.1157486 1185.0438232 151.3722076 1594.2235107 317.6067505 1.5798916 1.6319501 4.0752692 8.8822746 1.4360458 8.2847404 2.9359398 0.3993094 
Car -1.00 -1 1.7600592 425.2125854 188.0424652 453.9631958 206.7402954 1.4308695 1.6316043 3.8048034 -13.8991423 2.7059583 59.2982407 1.5298218 0.3388205 
