Car -1.00 -1 -1.2963010 311.2017822 179.2670898 495.1786499 305.9930115 1.5407596 1.6382685 3.8458776 -2.8323975 1.6546447 10.8193855 -1.5523442 0.8780307 
Car -1.00 -1 -1.7901651 740.8787231 178.8539276 838.4113159 247.7291107 1.4842710 1.6222298 3.4091949 4.3586044 1.6728480 17.9094276 -1.5514368 0.8604541 
Car -1.00 -1 -1.4731197 440.0667725 164.5895081 532.0838013 249.7017212 1.6566302 1.6881561 3.7575958 -2.8678408 1.5557640 17.0486889 -1.6397742 0.7501079 
Car -1.00 -1 2.0618395 192.8688812 183.8127899 285.0704956 224.7225037 1.4460570 1.5945820 4.0054035 -14.7691736 1.9395742 29.0269356 1.5911694 0.7201372 
Car -1.00 -1 2.0278822 268.9031372 179.6199036 342.9021912 213.8917389 1.4698973 1.5590668 4.0568175 -14.2503872 1.8241745 34.1268463 1.6323206 0.6644810 
Car -1.00 -1 -1.6270179 661.8908081 171.1370239 692.3221436 197.6983032 1.5361739 1.6397007 3.8560715 4.2018361 1.4609936 45.1316833 -1.5341839 0.5976226 
Car -1.00 -1 -1.6455773 681.2231445 175.4093628 726.1967163 211.5512238 1.4141026 1.6312948 3.7825933 4.3976517 1.6187353 33.6992455 -1.5158136 0.5975555 
Car -1.00 -1 -1.7822235 707.1310425 175.0815735 785.4695435 231.2903137 1.5009403 1.5998766 3.5551064 4.3829741 1.6582429 23.1310234 -1.5949590 0.6060571 
Car -1.00 -1 -1.4218429 487.1703491 161.3019104 566.5949707 225.6224213 1.7664118 1.7531130 4.0989308 -2.6682608 1.5051881 23.5425053 -1.5346993 0.6006978 
Car -1.00 -1 -1.4693534 536.7440186 170.8228149 580.8616943 208.6748962 1.5838314 1.6398286 3.7330303 -2.3087595 1.5401178 33.4311943 -1.5383040 0.3968747 
