Car -1.00 -1 -0.9774846 -512.6701660 164.4465179 371.0965881 660.9952393 1.5494049 1.6507124 3.9474325 -2.8992252 1.6183769 4.2729502 -1.5736394 0.8193109 
Car -1.00 -1 -1.9170189 804.2939453 177.1684875 998.6094360 297.6542664 1.4803817 1.5640028 3.4743121 4.1999540 1.5851207 10.9758644 -1.5515552 0.8808091 
Car -1.00 -1 -1.3311166 311.6429443 156.1382294 484.4330139 287.4828491 1.7072575 1.6732314 3.9498110 -3.1957505 1.4578884 11.6952171 -1.5978577 0.8482755 
Car -1.00 -1 -1.8076060 744.6110229 171.5081940 863.8320923 255.5390778 1.4662859 1.6233014 3.5089962 4.1731920 1.5303190 15.6986732 -1.5477841 0.8106789 
Car -1.00 -1 -1.4217835 430.3428955 149.7079773 541.8826294 242.1139221 1.7536246 1.7513667 4.2908382 -2.9252298 1.3318675 17.5356350 -1.5870777 0.7342921 
Car -1.00 -1 -1.6461382 664.3049316 165.2158203 700.4699097 195.5967407 1.5701218 1.6428976 3.7202747 3.9819944 1.1744939 39.6508484 -1.5460473 0.6745578 
Car -1.00 -1 1.9613337 256.3482971 169.7828979 329.0306702 204.8933258 1.4056591 1.5209322 4.0321307 -13.9942274 1.3119442 32.1305161 1.5505669 0.5808354 
Car -1.00 -1 -1.6937047 722.5844116 169.0460052 796.3189087 227.9056549 1.4784070 1.6160311 3.4866817 4.3651376 1.4261534 21.1657143 -1.4903200 0.6318878 
Car -1.00 -1 -1.4964675 519.3117065 163.0572968 569.0476074 206.2431030 1.5596526 1.6588088 3.7069283 -2.6846445 1.2392288 29.8609695 -1.5861312 0.5559483 
Car -1.00 -1 -1.6872915 690.2153931 168.7119904 753.5658569 217.7233582 1.4752536 1.6155167 3.8855369 4.1342068 1.4360878 26.4884758 -1.5324650 0.5490836 
Car -1.00 -1 -1.4960681 494.3612366 164.8061218 557.1775513 215.6912079 1.5156292 1.6275028 3.5361023 -2.8384759 1.3325117 24.4798927 -1.6115040 0.5106270 
Car -1.00 -1 2.0822651 165.0969849 167.6276703 281.1852417 215.1037140 1.4638642 1.6397250 4.1462770 -13.2827158 1.3405567 25.0275421 1.5943415 0.3810469 
