Car -1.00 -1 2.0911443 140.6946869 199.8340454 280.0038452 265.4497070 1.5736252 1.6715683 4.2238350 -11.4860973 2.4558069 21.2078667 1.5947762 0.8132586 
Car -1.00 -1 -1.3793476 460.6817932 192.3724976 552.8169556 256.4633484 1.5000944 1.6623598 3.7719636 -2.6042910 2.0189450 19.1200333 -1.5147220 0.8692237 
Car -1.00 -1 2.2344744 -93.3615417 213.7740631 122.2788620 305.5570679 1.4684625 1.5846944 3.6061192 -11.6842422 2.3609960 14.5161390 1.5567443 0.7446686 
Car -1.00 -1 2.0877976 1000.4324341 172.9276276 1221.4901123 269.4510803 1.4948187 1.6346965 3.9073822 9.0065641 1.5722083 12.7990217 2.7009969 0.7434566 
Car -1.00 -1 2.1991236 918.5904541 171.8096619 1097.6824951 249.6687012 1.5196071 1.6039553 3.9532628 9.0339117 1.5995156 16.1928234 2.7080088 0.6872723 
Car -1.00 -1 -1.5508415 573.9727173 180.2098083 613.1156006 218.3215179 1.6020750 1.6794771 3.4591620 -0.7024846 1.9668821 32.9048462 -1.5721872 0.7262216 
Car -1.00 -1 1.9064347 292.1108398 202.1433563 344.9088745 232.6606293 1.4977862 1.5965341 3.5051253 -15.5290556 3.1009207 38.6998329 1.5248345 0.6333623 
Car -1.00 -1 2.0790205 1135.8861084 158.0276794 1496.6787109 312.6992493 1.5732989 1.6443697 4.1808362 9.0001326 1.5009065 9.2103100 2.8528776 0.5922387 
Car -1.00 -1 -3.3576665 802.4156494 167.4091034 959.3543091 229.4221954 1.6626402 1.6665349 4.1793051 8.0204945 1.5813666 21.4139042 -2.9992938 0.5454123 
Car -1.00 -1 2.2455705 0.1318826 206.5049591 151.5369720 270.0836487 1.4843729 1.5343511 3.4992681 -14.7068901 2.5233246 20.1389160 1.6148152 0.3811740 
Car -1.00 -1 1.9576732 232.9987488 205.2133026 304.1566467 241.2058563 1.4080670 1.5479192 4.0569677 -15.2069759 2.9164006 32.3964500 1.5188018 0.3764611 
