Car -1.00 -1 2.0255312 155.6901855 189.3076630 374.4869690 311.8607178 1.5162945 1.6150115 3.9585223 -5.3522620 1.8600767 11.8028793 1.5997946 0.8812850 
Car -1.00 -1 1.8623625 340.8488464 186.4136658 452.4081116 260.7224121 1.4955405 1.5391048 3.8385904 -5.1691728 1.9082474 17.9262009 1.5816199 0.8518898 
Car -1.00 -1 -0.8430698 966.4713745 159.8188477 1681.4570312 446.8254089 1.6674194 1.6987045 3.9467084 4.8030028 1.6004443 5.0342789 -0.0811775 0.6756785 
Car -1.00 -1 -0.4581592 776.0877686 180.1399231 964.3394775 261.5927734 1.4686154 1.5760851 3.5484383 5.4645844 1.6847957 15.2130795 -0.1133094 0.7338127 
Car -1.00 -1 1.7517345 441.4295349 183.1955566 501.9281311 227.4841003 1.4283569 1.5717232 3.8697801 -5.2344279 1.8965123 27.7486324 1.5652881 0.7303063 
Car -1.00 -1 -0.1423689 665.9337769 175.0573883 760.5478516 208.3240051 1.5059476 1.6281146 4.1466269 4.8870420 1.6521129 34.2230415 -0.0005281 0.3766401 
Car -1.00 -1 -0.3427186 721.0762939 173.5019531 892.3866577 245.1844635 1.5654562 1.6608945 3.9655001 4.8360729 1.6823792 17.9703865 -0.0798332 0.4786252 
Car -1.00 -1 -0.6412265 891.4309692 157.9927979 1362.6207275 338.2857666 1.5768282 1.5985333 3.9774704 5.1482458 1.4880884 7.3560166 -0.0305886 0.3572020 
Car -1.00 -1 1.6995848 471.0329895 181.7309265 515.4805908 216.9900665 1.4819814 1.6227092 3.7630944 -5.5703254 1.9820036 34.8064346 1.5408932 0.3358609 
Car -1.00 -1 -0.1322899 685.5256958 180.7401428 791.7404175 223.7610779 1.4149936 1.6294384 4.2612472 4.6442733 1.7662168 26.0240135 0.0443120 0.2102233 
