Car -1.00 -1 0.6032960 -105.1124573 169.5217590 388.4079895 345.6131592 1.5759581 1.6153766 4.0452414 -4.8178406 1.6049221 7.6642799 0.0421051 0.8295022 
Car -1.00 -1 -2.0498470 762.0187988 179.6272583 1214.9094238 439.1739807 1.4718235 1.6125568 4.1373944 2.7717292 1.5944682 6.3402686 -1.6377196 0.8626154 
Car -1.00 -1 -1.7809207 715.4320679 173.3311310 850.0193481 276.6176147 1.6087291 1.5804920 3.6164007 3.0908208 1.6554127 13.4146709 -1.5544667 0.8746678 
Car -1.00 -1 0.4624580 223.0397949 163.8033142 492.9143066 270.1209412 1.6432120 1.6586865 4.1207886 -4.4775529 1.5544079 13.0629148 0.1322402 0.7882973 
Car -1.00 -1 -1.6604702 676.0805664 176.4648285 757.5128174 247.6274872 1.5001048 1.5771275 3.8876905 2.7804089 1.6892790 18.9483643 -1.5147738 0.8017504 
Car -1.00 -1 -1.6199429 652.1409912 178.6818390 698.8580322 220.9444122 1.4225852 1.5786664 3.6856167 2.6655717 1.7433420 29.2049026 -1.5289237 0.6177331 
Car -1.00 -1 -1.6484466 645.6169434 172.0792389 684.3545532 207.6860046 1.7272376 1.6488732 3.9092345 3.0351067 1.7426203 39.4403992 -1.5716437 0.5319753 
Car -1.00 -1 -2.8708320 427.3312378 172.2984161 539.9027100 223.9483795 1.7177316 1.6462452 3.5465095 -4.2703366 1.7544584 24.8915882 -3.0407355 0.3580743 
Car -1.00 -1 -2.8417248 339.2763672 175.7079620 520.0770874 237.3805389 1.4976703 1.5961698 4.1930780 -4.6055007 1.6449915 18.7573357 -3.0824926 0.3572475 
Car -1.00 -1 -1.6076269 673.7048950 178.3897858 727.5020752 229.4974365 1.5011358 1.5318875 3.3034821 3.0472336 1.7369643 24.3849392 -1.4833076 0.3112544 
