Car -1.00 -1 0.7075820 -154.8359680 187.7402649 299.9611816 352.8208923 1.5347215 1.5842825 3.7192340 -5.6889105 1.7410021 7.8323879 0.0794016 0.7894224 
Car -1.00 -1 -1.7841390 702.2825928 177.5952606 856.0014648 293.7658997 1.5217613 1.6002921 3.5451984 2.6226187 1.6553836 11.8142109 -1.5656928 0.8870697 
Car -1.00 -1 -1.9337797 791.7973633 189.7149200 1235.9287109 471.7191162 1.4716685 1.6333344 4.1713839 2.8162134 1.6819626 6.0520997 -1.4982522 0.8219050 
Car -1.00 -1 1.7170840 468.3170471 178.3578796 536.6627808 231.1265564 1.4776958 1.6102159 3.6918397 -3.3263113 1.6917886 23.0692692 1.5738829 0.8455739 
Car -1.00 -1 -1.6907358 664.1659546 171.9930115 759.1220703 251.8531799 1.5294756 1.6228869 3.8551083 2.4068820 1.6202626 17.3317127 -1.5527468 0.7968588 
Car -1.00 -1 3.5323728 202.2833862 181.1006622 404.3245239 251.3183899 1.4729360 1.5917534 3.7422419 -6.7972536 1.6794104 16.3496361 3.1383686 0.6849899 
Car -1.00 -1 -1.6455338 633.6861572 173.5420532 686.1994629 219.1565247 1.5181202 1.6295879 3.7416885 2.0198569 1.6411954 28.7912064 -1.5754932 0.6016726 
Car -1.00 -1 -1.6462059 655.5224609 174.4689789 716.4668579 228.9009705 1.4782399 1.5535370 3.3565874 2.3681099 1.5919914 22.7285290 -1.5423894 0.6084221 
Car -1.00 -1 3.9712094 -623.6784668 205.7518311 87.7836380 427.1292419 1.4598157 1.5668026 3.7938001 -6.6455035 1.7683656 5.7697778 3.1153917 0.5657624 
Car -1.00 -1 -2.7788177 260.1361084 172.5013275 432.6421814 237.5087738 1.6667914 1.6522492 3.8475668 -6.9834318 1.6803685 19.3773060 -3.1247206 0.4964176 
Car -1.00 -1 0.6023602 353.3306274 178.3409729 470.8374023 222.4088593 1.5207105 1.6226798 3.9155641 -7.2848573 1.8183841 26.7912312 0.3368672 0.3607740 
Car -1.00 -1 1.1332991 417.7687073 174.2734070 489.0776672 213.2503967 1.5791548 1.6402094 4.1187768 -7.1396985 1.7212854 32.8012123 0.9189764 0.2620041 
