Car -1.00 -1 -2.2265472 884.1360474 187.2534485 1800.4610596 652.3978882 1.4639156 1.6118348 4.1403451 3.2537262 1.6148751 4.2756720 -1.5760521 0.8093142 
Car -1.00 -1 -1.8404033 755.0736694 185.5538025 956.9090576 316.3159180 1.4237283 1.5569946 4.0210576 3.2700434 1.6525037 10.3216105 -1.5335920 0.8873767 
Car -1.00 -1 0.7329235 -206.9931335 144.4303284 375.0613098 386.6091614 1.7366209 1.6409216 3.6078215 -4.3086820 1.5852655 6.1108994 0.1187953 0.7650756 
Car -1.00 -1 -1.6989832 717.1925659 178.7988739 816.3666992 262.0236206 1.4973333 1.5706002 3.5861821 3.4183433 1.7095751 15.9457817 -1.4878066 0.8179133 
Car -1.00 -1 0.5798449 85.5378952 170.8269348 465.8240356 308.3188171 1.5594511 1.6378474 4.0111184 -4.2751174 1.6157198 9.4320412 0.1542876 0.7192352 
Car -1.00 -1 -1.7163264 672.6853027 175.9064941 747.1302490 234.4445953 1.5535423 1.6264051 3.8171921 3.1601553 1.7298253 22.9269543 -1.5793537 0.7924591 
Car -1.00 -1 0.3496885 404.2027893 171.7022095 549.7512207 225.6185608 1.5969799 1.6666198 4.1092343 -4.2582622 1.6314418 23.5477543 0.1707867 0.5820548 
Car -1.00 -1 -1.6364952 657.7357178 178.2102509 698.2141113 213.6602936 1.4659771 1.5623038 3.6277797 3.2242913 1.7766048 34.1029129 -1.5422295 0.5992440 
Car -1.00 -1 0.3641487 459.4221802 171.1174622 567.3533325 212.0859833 1.5743608 1.6718582 4.3243508 -4.0077467 1.6075277 30.5209789 0.2335845 0.3228680 
Car -1.00 -1 -1.6145860 646.9213257 177.8815155 676.6422729 204.8990173 1.5091558 1.6076194 3.8720355 3.2683852 1.8824571 45.2754211 -1.5425221 0.3997543 
Car -1.00 -1 -2.8977648 515.0345459 174.1391296 579.7185059 203.7345886 1.6256353 1.5983546 3.6751218 -3.5851469 1.7435134 41.8884163 -2.9831448 0.3101417 
