Car -1.00 -1 -1.9206785 747.8198853 187.2570953 993.1876831 339.8979492 1.4738981 1.5918146 3.8793831 3.0233157 1.6785172 9.2661324 -1.6052930 0.8917370 
Car -1.00 -1 -1.7477172 706.5308228 174.8008575 819.6936646 265.9335022 1.5427653 1.5746651 3.3950100 3.1138291 1.6614845 14.9368963 -1.5421951 0.8523047 
Car -1.00 -1 2.0426611 238.8343658 177.1169739 364.8721313 242.7517853 1.6455715 1.6331763 4.1454992 -8.7387362 1.8186973 20.8911190 1.6464798 0.8060205 
Car -1.00 -1 1.9142054 343.0168762 180.0068665 428.4841003 228.6014557 1.4966140 1.5957073 4.0587339 -8.0096512 1.8272793 26.1530895 1.6170152 0.7655651 
Car -1.00 -1 -2.3637111 931.2313843 152.2589417 2817.3344727 1123.3800049 1.6403846 1.6650102 3.8002243 3.1635327 1.6500297 3.0078788 -1.5530965 0.6593992 
Car -1.00 -1 -1.6922830 670.7714233 175.1435852 751.2962646 242.6503143 1.5099101 1.5757457 3.7925975 2.7280467 1.6585114 19.6154022 -1.5540926 0.7347413 
Car -1.00 -1 1.8124548 428.4279175 179.4750214 477.6861267 212.5118103 1.4895501 1.5717940 3.7918189 -7.9887671 1.9006780 37.0418282 1.6000395 0.5907620 
Car -1.00 -1 1.8411666 393.2326965 179.7800598 455.2133789 218.8046875 1.4624646 1.5940901 3.8538592 -8.1618490 1.8543106 31.9518929 1.5910728 0.6184320 
Car -1.00 -1 -1.6178870 661.2916870 175.7306213 717.9174805 227.2229614 1.4353051 1.5777948 3.7215712 2.6318257 1.6092907 23.8955307 -1.5081903 0.5384226 
Car -1.00 -1 -1.6224584 652.3284912 171.5847015 693.7614746 209.4114380 1.5891792 1.6002513 3.6502159 2.9961355 1.5752487 33.9760933 -1.5345023 0.5132151 
Car -1.00 -1 1.7628288 449.5611877 176.2548523 493.8604431 207.8880005 1.6342816 1.6704707 3.9496448 -7.6767941 1.8701468 40.3284607 1.5747225 0.3228460 
