Car -1.00 -1 -2.1781342 871.9669800 163.3011475 1431.0480957 431.8861084 1.6137511 1.7117058 4.4032731 4.1544991 1.5846575 6.3834934 -1.6011834 0.8068198 
Car -1.00 -1 -1.2552454 194.5163879 190.7913208 442.8407288 353.4049683 1.4472880 1.5955120 3.5309596 -3.0692677 1.6668133 8.4219551 -1.6047229 0.8849701 
Car -1.00 -1 -1.4171298 363.6820679 162.8369293 501.6499634 279.3474121 1.7004577 1.6881752 3.9368145 -3.1654789 1.6051564 13.3282566 -1.6503109 0.7955675 
Car -1.00 -1 2.1253922 81.0133286 179.8728027 211.2925262 231.3719177 1.4360162 1.6341349 4.2738237 -15.5122881 1.7609077 24.4137745 1.5593557 0.7234597 
Car -1.00 -1 2.2598481 -118.2521286 184.2600098 71.8603973 252.2530518 1.4666433 1.5616156 4.2410784 -16.3013210 1.8147670 18.8579674 1.5470383 0.6185207 
Car -1.00 -1 -1.4498872 469.8046570 172.4173737 547.4926147 235.9172821 1.5776992 1.6244305 4.0316429 -2.9343495 1.6402040 21.3224010 -1.5866463 0.7840418 
Car -1.00 -1 -1.6946117 676.0457764 182.3789520 723.8055420 217.2555695 1.4228576 1.5974383 3.6459537 4.0283437 1.8872135 32.5887222 -1.5716240 0.6602061 
Car -1.00 -1 -0.7230201 -1907.2911377 197.5255432 353.4807434 1287.2479248 1.5287834 1.7295492 4.0973721 -2.7695143 1.7667243 2.2940042 -1.6020527 0.5644630 
Car -1.00 -1 2.1011242 180.3068085 178.0222168 275.4947815 220.4698334 1.4697492 1.6123481 3.6997433 -14.9724970 1.7385511 28.5259819 1.6177773 0.5474059 
Car -1.00 -1 -1.5165565 546.6012573 176.5896454 572.5172729 198.8005219 1.4766713 1.5998681 3.6651530 -3.5229650 1.7659830 51.1863327 -1.5852745 0.5340614 
