Car -1.00 -1 -1.8964658 729.0067139 186.6464386 932.6649170 314.9041443 1.4767015 1.6115555 3.8123975 2.9969802 1.7001808 10.6276083 -1.6216040 0.8852758 
Car -1.00 -1 -2.2883460 865.0007324 162.8306732 1841.3181152 657.5357666 1.6577158 1.6520469 3.9065144 3.3285151 1.6566079 4.3224101 -1.6321297 0.7810710 
Car -1.00 -1 2.0251890 261.5772705 176.2182312 376.8579712 238.8612671 1.6874501 1.6529356 4.0769982 -8.8068056 1.8374503 22.2849216 1.6488349 0.8224325 
Car -1.00 -1 -1.7289205 698.8190308 176.6063538 797.0491333 259.5500793 1.5255384 1.5349324 3.3198147 3.0920088 1.7008018 16.3574715 -1.5420976 0.8117312 
Car -1.00 -1 1.9038366 357.3830872 179.6915283 435.0890503 225.1243439 1.4944240 1.5818906 3.8675263 -8.0001793 1.8170137 27.3398113 1.6191640 0.7172726 
Car -1.00 -1 -1.7019114 664.9392700 175.7871857 742.5426025 238.9802399 1.5097058 1.5781289 3.7073259 2.6812353 1.6746852 20.7082214 -1.5731509 0.7213563 
Car -1.00 -1 1.7970891 434.4326782 179.5749969 481.3532715 211.5050201 1.5218976 1.5964003 3.8546019 -8.1298332 1.9527576 38.8603973 1.5908574 0.5939603 
Car -1.00 -1 -1.6247626 649.6273804 173.4857025 689.3190918 210.1314545 1.5685178 1.5777026 3.6790724 2.8917503 1.6572214 34.8726807 -1.5420288 0.5727435 
Car -1.00 -1 1.8389637 401.5848083 179.8799286 460.5793457 217.3641815 1.4598937 1.5744051 3.8426242 -8.1740837 1.8721623 33.1702042 1.5973493 0.5734864 
Car -1.00 -1 2.6422929 -511.9957886 195.8997345 40.6926651 393.3333435 1.5465766 1.5785387 4.1900196 -8.8406534 1.8741195 7.9327025 1.8028170 0.2610711 
