Car -1.00 -1 -1.9344613 782.9658203 190.0758820 1097.6999512 380.3584900 1.4125384 1.5588255 3.9774899 3.1029706 1.6306688 7.6776257 -1.5503759 0.8764066 
Car -1.00 -1 0.6022110 -240.4331818 184.0038757 376.2812195 382.6433411 1.5434563 1.6683217 4.3996773 -4.7377930 1.7070744 6.6394744 -0.0175707 0.8001697 
Car -1.00 -1 -1.7647063 722.9424438 179.8937836 857.1930542 282.3906555 1.4774806 1.6019995 3.6085556 3.2243910 1.6975309 13.2679615 -1.5263070 0.8599671 
Car -1.00 -1 0.4168371 366.1870728 173.9639587 529.7162476 232.6465302 1.5834321 1.6947697 4.2384853 -4.7605391 1.6818758 21.5202389 0.1991309 0.7269044 
Car -1.00 -1 -1.7418656 672.4653320 178.0895691 758.1906738 242.4884491 1.5588146 1.6488973 3.8335388 2.9243891 1.7499065 20.4226799 -1.5996392 0.7962203 
Car -1.00 -1 -1.6196506 639.2068481 178.9356079 670.4266357 207.7135620 1.5123798 1.6033657 3.9544494 2.7296031 1.9451873 43.5304337 -1.5570270 0.5704353 
Car -1.00 -1 -1.6397210 650.9906616 179.6289368 696.0864868 217.3739929 1.4604095 1.5893906 3.7086430 2.8158085 1.8103463 31.8485222 -1.5515378 0.5503510 
Car -1.00 -1 0.4178853 436.2491150 172.0890503 552.6016846 216.8091278 1.5959021 1.6312029 4.2159495 -4.4819598 1.6609341 28.4183979 0.2614605 0.3595111 
Car -1.00 -1 -2.6339789 1114.9006348 232.8455048 3589.2099609 1547.2276611 1.4739523 1.6452959 3.9762123 3.1503727 1.6648346 1.9136593 -1.6090540 0.3372295 
Car -1.00 -1 -2.9100004 499.8185425 175.7737579 569.0640869 207.1999664 1.6158414 1.6093372 3.6311412 -4.0566473 1.8288407 39.5770683 -3.0121436 0.2583780 
Car -1.00 -1 0.6102595 33.3950005 185.2050171 383.0832825 308.5041809 1.5529937 1.5422629 3.7656250 -5.4801207 1.7832964 10.0696049 0.1118616 0.2516098 
