Car -1.00 -1 -1.7030935 881.5481567 154.4048309 991.1123657 240.4275818 1.4421409 1.5414575 3.7178099 6.4798627 1.1407385 14.6126776 -1.2857072 0.8726770 
Car -1.00 -1 -1.5317591 775.5010376 145.9393921 846.8888550 212.2362976 1.5143980 1.6495471 3.6200697 5.3788209 0.8781534 18.9748230 -1.2555342 0.8657846 
Car -1.00 -1 1.8846762 506.9863892 137.5990601 564.9514160 171.7582703 1.5530604 1.6329430 4.0833950 -3.7975044 -0.2067333 37.5727043 1.7839475 0.7117908 
Car -1.00 -1 1.9735355 456.9011536 140.8639984 524.9319458 178.4731293 1.5111260 1.4944369 3.9500959 -5.2524304 0.1227198 32.5353012 1.8134786 0.6841906 
Car -1.00 -1 0.0165125 -28.4932384 149.6376801 185.4927979 233.5000305 1.4684712 1.5943173 3.9794555 -9.9518576 1.0338949 13.6407003 -0.6137852 0.6071217 
Car -1.00 -1 1.9065728 556.2348022 138.7706757 603.8995972 164.8712006 1.4715489 1.6258824 3.9621344 -1.7724053 -0.5939570 44.8057098 1.8670359 0.6079019 
Car -1.00 -1 -1.6109956 864.5476685 145.2070465 923.7385864 196.9670563 1.4097394 1.5829625 3.8219855 9.4613256 0.6046882 24.0143394 -1.2356840 0.6220533 
Car -1.00 -1 -2.5428346 176.9628448 145.9827271 305.5665283 192.2487488 1.4052414 1.6360351 3.6571288 -11.9781294 0.5780941 23.4526901 -3.0150340 0.5313197 
Car -1.00 -1 -0.6857801 1046.6413574 175.9581451 1596.6348877 384.8735962 1.4484081 1.5493891 3.3469906 5.5837393 1.5391212 5.8360701 0.0775257 0.4494475 
Car -1.00 -1 -1.5818199 864.2257690 138.2799988 906.0192261 177.9827576 1.5652760 1.6163104 3.6381061 12.3868475 0.1081736 32.4057274 -1.2167147 0.4679285 
Car -1.00 -1 -2.6445022 244.4046631 129.1702728 372.7882385 188.5844727 1.8701543 1.6573765 3.6031811 -9.9671135 0.4597377 23.9300270 -3.0391605 0.3595556 
Car -1.00 -1 -1.5998253 877.7055054 148.8040924 943.1973877 208.1367950 1.4077895 1.5624304 3.7848322 8.5952549 0.8189638 20.7005539 -1.2062687 0.3909319 
Car -1.00 -1 -0.9673317 1069.0478516 192.6670990 2084.9763184 650.8395996 1.4566528 1.6062979 3.9489510 4.2323518 1.5774509 3.1065807 -0.0297229 0.2659535 
Car -1.00 -1 -0.9277758 928.1677246 173.5536499 1266.9190674 313.6585083 1.3800522 1.5945232 4.1151190 6.5267606 1.5419484 9.4421444 -0.3229552 0.3300265 
