Car -1.00 -1 1.9746038 180.1618195 185.8290253 376.2351074 292.2623291 1.4403964 1.6284692 4.0164881 -5.5255151 1.7289751 12.6523180 1.5628486 0.8446885 
Car -1.00 -1 -0.6721506 863.1021118 141.0992432 1409.8793945 354.7115479 1.5587883 1.6758385 3.9572291 4.5488625 1.3802158 6.4413648 -0.0572788 0.7779619 
Car -1.00 -1 1.7749301 375.9446716 178.9354553 452.3836975 231.5419769 1.4533820 1.6275923 3.7486238 -6.1929388 1.7028544 23.2355156 1.5144563 0.8049171 
Car -1.00 -1 -0.9749738 1091.4436035 157.7637329 1868.6350098 484.0992432 1.4946111 1.6283621 3.5496664 5.2169023 1.4651929 4.4213915 -0.1072258 0.5940631 
Car -1.00 -1 -0.3142232 696.8379517 151.0543518 920.3422852 251.2909393 1.6690180 1.6671597 3.9144974 3.7323375 1.3440015 13.7485790 -0.0491410 0.6175615 
Car -1.00 -1 -0.4761212 804.3542480 152.9765625 1143.3505859 286.3991089 1.5369260 1.6324378 3.8760381 4.7453256 1.3757221 9.6782475 -0.0202569 0.5479186 
Car -1.00 -1 1.6936830 432.8040466 177.6916809 481.0043945 217.6957397 1.4316868 1.5020332 3.6209404 -6.3331089 1.7057534 30.2412777 1.4872470 0.4856232 
Car -1.00 -1 1.6642425 465.7772217 174.8889923 501.9023743 203.8393707 1.4637381 1.6341290 3.7238393 -6.9459190 1.6189456 40.1343040 1.4928731 0.3971062 
Car -1.00 -1 -0.2609209 652.1273804 165.4039917 763.5363159 205.3341675 1.4354724 1.6346223 4.0830026 3.8605452 1.1946837 28.5056305 -0.1263089 0.3237598 
Car -1.00 -1 -0.2842969 624.4506836 163.8220215 715.0971680 197.2064056 1.4554762 1.6570644 4.1833882 2.8810718 1.1002212 34.8816910 -0.2018884 0.2967812 
Car -1.00 -1 -0.2736657 675.5747681 164.3281403 797.2292480 210.6764679 1.5047845 1.6096818 3.8488770 4.3099060 1.2622463 25.1960258 -0.1042504 0.2699156 
