Car -1.00 -1 -1.7861698 725.0944214 186.7336273 882.3295288 292.8081055 1.4173285 1.6208737 4.0165739 3.0620248 1.7019949 12.1495190 -1.5392829 0.8921939 
Car -1.00 -1 2.1088337 17.2571735 187.5196381 144.4005737 246.9637909 1.4945629 1.5707428 3.4942718 -16.1404076 2.0303205 22.2288456 1.4808036 0.7384288 
Car -1.00 -1 2.0068375 208.5163269 185.6787415 283.0193176 222.6553040 1.4718354 1.5651804 3.8259606 -16.4633770 2.1142250 32.8499794 1.5422555 0.7169207 
Car -1.00 -1 1.9063212 315.5779724 183.6793671 361.9470215 209.6759033 1.4578252 1.6278616 3.7576909 -16.4293633 2.1562898 44.0436249 1.5492834 0.6861922 
Car -1.00 -1 2.0385782 129.8078766 188.6651306 229.6701813 232.9263306 1.4088427 1.5426078 3.9798536 -15.9785252 2.0651161 27.0499783 1.5050222 0.7093829 
Car -1.00 -1 -1.6861179 690.0089722 181.7746277 777.1168213 252.8266907 1.4705540 1.5867020 3.7331009 3.1205351 1.7830922 18.3423519 -1.5176040 0.7751023 
Car -1.00 -1 -1.6564796 668.9403076 180.4885559 727.2162476 230.1950836 1.5216234 1.6081942 3.5711071 3.1477697 1.8630759 25.7463284 -1.5348225 0.6363143 
Car -1.00 -1 2.3086316 -182.4147491 196.5181580 39.9707565 269.8154297 1.3938740 1.5647691 4.0981913 -16.5435619 2.0847959 17.9242115 1.5632683 0.3987891 
Car -1.00 -1 1.9301866 260.9709473 184.1912384 318.9538879 215.6188660 1.4549919 1.5380688 3.9049489 -17.0321693 2.1292995 38.6176758 1.5148038 0.5421822 
Car -1.00 -1 -1.5549091 600.7906494 179.9015198 619.9394531 196.8978119 1.4944302 1.6116190 3.6823933 0.1113309 2.1473158 65.5232925 -1.5532100 0.3175824 
