Car -1.00 -1 -1.9509768 823.7442627 180.9895782 1051.8703613 317.8682861 1.4668084 1.5618008 3.4622366 4.1946435 1.6202781 9.8281202 -1.5475824 0.8794700 
Car -1.00 -1 -0.9143118 -1129.7548828 145.5199432 340.9313354 923.0519409 1.5480410 1.6512218 4.1205859 -2.9637499 1.6347402 3.3465784 -1.6391172 0.8176520 
Car -1.00 -1 -1.2908685 273.4512024 156.0086823 474.1403198 303.2400208 1.7597549 1.6982207 3.9218338 -3.1968598 1.5200934 10.6091948 -1.5835443 0.8446597 
Car -1.00 -1 -1.8377640 755.1044922 173.3924561 889.4787598 265.5099792 1.4710386 1.6239587 3.5637591 4.2139187 1.5764257 14.5923386 -1.5566359 0.8407250 
Car -1.00 -1 2.0984675 146.1947784 168.6731720 266.1257019 218.2000275 1.4319495 1.6200809 4.3443995 -14.0655012 1.3698557 25.4363117 1.5933474 0.6841913 
Car -1.00 -1 -1.4126698 416.1872559 146.5782166 538.6975708 248.2136536 1.8093753 1.7836790 4.4262319 -2.9899609 1.3608406 16.7581673 -1.5892301 0.7091274 
Car -1.00 -1 -1.7310294 721.7944336 170.9546204 806.5190430 236.2914581 1.5007793 1.6231942 3.7829871 4.2504930 1.5263159 20.0919056 -1.5225507 0.6947565 
Car -1.00 -1 -1.6666159 665.1851807 166.4498444 702.6997070 198.5055084 1.5884047 1.6310687 3.7123876 3.9309437 1.2752030 38.4725418 -1.5647939 0.6225772 
Car -1.00 -1 1.9453928 244.0262451 167.7211914 318.4441528 208.1130219 1.4987837 1.5025295 3.8311553 -14.0091820 1.3686445 31.1329060 1.5225556 0.4864634 
Car -1.00 -1 -1.4864534 514.9295654 164.9492493 566.9069214 209.8703461 1.5676904 1.6590502 3.7078700 -2.7279625 1.3380765 28.9407578 -1.5804360 0.5445794 
Car -1.00 -1 2.1424171 1.2213225 173.9052734 165.7877045 237.2751465 1.3952376 1.5996745 4.1873932 -14.1111002 1.5560266 19.6740952 1.5202124 0.3617767 
Car -1.00 -1 -1.4944543 488.3465271 166.6152344 554.8900146 220.3141632 1.5205063 1.6285827 3.6175358 -2.8725383 1.4165106 23.5406914 -1.6158783 0.4831965 
