Car -1.00 -1 -2.1626831 840.2044067 176.5086517 1428.0048828 491.3379211 1.6282820 1.6463526 3.8203127 3.3571296 1.6916972 5.6313629 -1.6251003 0.8200504 
Car -1.00 -1 -1.8690195 718.2090454 190.0509491 889.0792847 300.7061768 1.4627303 1.6064520 3.7254815 2.9870768 1.7689636 11.8704014 -1.6224972 0.8815285 
Car -1.00 -1 1.9967072 281.8216553 179.4004669 388.6778564 238.2164917 1.6570141 1.6591192 4.0918231 -8.7404413 1.9202840 23.3760471 1.6388961 0.8241574 
Car -1.00 -1 -1.7223532 691.9821167 180.0423737 780.2026978 256.1585999 1.5236433 1.5156534 3.2693386 3.0690312 1.7893440 17.7025452 -1.5506928 0.7897834 
Car -1.00 -1 1.8943640 370.0733337 183.3699951 442.6180420 225.8058777 1.4963046 1.5972804 3.9398603 -8.1095772 1.9774939 29.1025429 1.6226027 0.7105611 
Car -1.00 -1 2.4956679 -336.0252991 191.7826385 102.5007172 353.6253357 1.5208415 1.6153738 4.1764669 -9.2952051 1.8828987 9.6943913 1.7312880 0.6297772 
Car -1.00 -1 1.8100245 410.7716675 182.5630035 464.4651489 218.6872406 1.5122257 1.5882676 3.8493042 -8.2355633 2.0547921 34.7001228 1.5770006 0.6709055 
Car -1.00 -1 -1.6731847 662.4219971 179.8722229 731.3791504 238.3119812 1.5024127 1.6026307 3.8595073 2.6577399 1.7912208 22.1569595 -1.5538045 0.6930053 
Car -1.00 -1 -1.6103841 647.7660522 177.7229919 685.1217041 212.6123047 1.5619155 1.5939554 3.7288685 2.8769677 1.8690028 36.5020866 -1.5317302 0.5062256 
Car -1.00 -1 1.7995934 440.1349182 182.8232117 485.2619934 212.7714691 1.5368937 1.6135314 3.8307381 -8.1459656 2.1340898 40.1349182 1.5993489 0.4269704 
Car -1.00 -1 -1.6221348 654.2103271 180.5588989 707.5090332 227.9702301 1.4589138 1.6125451 3.8983519 2.5700030 1.8125122 26.2146339 -1.5244101 0.4029763 
