Car -1.00 -1 -0.5162451 945.1845703 175.0475922 1180.7745361 260.4390869 1.4859886 1.6329519 3.9094021 9.2982779 1.6338934 14.9471769 0.0402487 0.7643885 
Car -1.00 -1 -0.1635842 318.4172363 178.3948517 457.5184326 226.3757629 1.4215242 1.6852441 4.2750378 -7.7682128 1.7167023 25.2556133 -0.4619839 0.6770364 
Car -1.00 -1 -2.9654716 835.3195801 173.6208191 909.0133667 202.2701569 1.4705895 1.5704669 3.5459425 14.5527887 1.5406711 39.9688416 -2.6162882 0.5582065 
Car -1.00 -1 -1.5684082 585.0551758 175.6013947 617.8918457 205.5764923 1.4796021 1.6190213 3.6723306 -0.4135168 1.6596193 38.7610588 -1.5790762 0.6795805 
Car -1.00 -1 2.5624468 905.9644775 163.7550659 1066.2535400 223.7943573 1.6974144 1.7050529 4.1377764 12.0009670 1.5521798 22.9907627 3.0435319 0.4003829 
Car -1.00 -1 -2.4652993 647.1422119 166.2626038 722.1172485 199.9396210 1.8577626 1.7162076 3.7705302 4.2760744 1.5060005 41.2309761 -2.3619585 0.3877373 
Car -1.00 -1 -1.5452479 549.2438965 177.1512604 564.5262451 194.9022827 1.4833534 1.5932442 3.8486257 -4.7967081 1.9465413 66.4236526 -1.6173366 0.3732383 
Car -1.00 -1 0.5155770 -180.6419830 186.1266785 20.6273575 244.6798401 1.5624951 1.7707337 4.8627014 -20.5171757 2.0181714 21.7656364 -0.2403033 0.2266204 
Car -1.00 -1 1.6969646 483.6379089 177.6317444 507.3231812 193.3296204 1.4664946 1.6569768 3.9095161 -11.1876068 1.9578444 71.0089417 1.5406971 0.3454465 
Car -1.00 -1 -3.7015162 1208.2514648 167.8414764 1352.7252197 214.6528473 1.5582308 1.6293482 3.9202354 25.4879856 1.4734499 27.4959145 -2.9539969 0.1238336 
