Car -1.00 -1 -2.1252778 832.3909302 203.2368164 1420.2358398 520.0309448 1.4137444 1.5822997 3.6267297 3.0571332 1.6744545 5.4077444 -1.6107450 0.8306149 
Car -1.00 -1 -1.8920133 717.5773926 182.2094727 919.9144287 314.5069885 1.4736640 1.5733275 3.7352018 2.8083162 1.6595708 10.4635363 -1.6298020 0.8678406 
Car -1.00 -1 3.7090325 -153.1556549 172.8683167 310.0684814 319.4035645 1.4890119 1.6352471 4.2733207 -5.9951224 1.5683150 8.4179668 3.0901775 0.7447449 
Car -1.00 -1 -2.3053205 -564.7077637 186.8473053 120.6711273 422.6155396 1.4826304 1.5954226 3.8043070 -6.2959080 1.6648561 5.7166963 -3.1388984 0.6967520 
Car -1.00 -1 1.4702532 510.8748474 167.6356049 544.4061890 196.3275452 1.5934719 1.6223704 3.6908977 -4.9890032 1.3182888 43.5764847 1.3562611 0.5562486 
Car -1.00 -1 -1.6737114 612.6181030 165.4799042 658.4669189 204.3481903 1.7005626 1.6398348 3.7514873 1.1920586 1.3814190 33.8427124 -1.6385025 0.5326846 
Car -1.00 -1 -2.6176884 163.3166504 165.4109955 384.6849670 256.6718140 1.6326220 1.6310526 3.8427894 -6.6653976 1.5660701 14.4413738 -3.0501046 0.4607686 
Car -1.00 -1 3.3287425 370.3841858 167.0751801 467.8858032 210.8878174 1.6956671 1.6245660 3.6031909 -7.4748993 1.5028091 28.5750103 3.0728869 0.3609592 
Car -1.00 -1 -2.6055068 163.7844543 174.0876312 380.1771851 254.8526459 1.5474607 1.6392752 3.9349933 -6.8922949 1.6122116 14.8566504 -3.0398760 0.3844919 
Car -1.00 -1 3.2713211 371.8009033 167.6083984 466.5823364 211.9434204 1.6553584 1.6310663 3.6461940 -7.4031949 1.5272927 28.3804512 3.0161519 0.3121871 
