Car -1.00 -1 -2.1113547 880.7763062 201.2955322 1741.5737305 672.2622681 1.4330654 1.6398025 4.2322612 3.0813036 1.6569327 4.3665743 -1.4968421 0.8310683 
Car -1.00 -1 -1.8855030 740.0627441 183.2416534 994.1338501 338.0528259 1.4492650 1.7058723 4.3132277 3.1328855 1.6670091 9.6298094 -1.5709708 0.8484532 
Car -1.00 -1 -1.7792581 689.3745728 181.7750702 796.7306519 257.1585388 1.4920024 1.6448059 3.6789145 3.0650315 1.7555272 17.0942497 -1.6018414 0.8591517 
Car -1.00 -1 2.0861420 55.7783966 187.0241699 172.0676575 240.4357758 1.4876157 1.5306470 3.9882295 -16.9071503 2.0687899 24.8553867 1.4888144 0.7489010 
Car -1.00 -1 1.9679799 234.9418945 184.6468353 301.3470154 217.8672638 1.4723637 1.6473848 4.0583735 -16.7652779 2.1028446 35.6599617 1.5285020 0.7444276 
Car -1.00 -1 2.1915508 -108.5238953 194.9804077 77.3350754 260.3261414 1.4041892 1.6236818 4.2988839 -16.2568436 2.0499660 19.1027966 1.4864655 0.6265129 
Car -1.00 -1 2.0253464 150.7124329 186.8352509 236.7107697 227.3456116 1.4362984 1.6113595 3.8390994 -17.3558693 2.1055912 30.3227882 1.5054905 0.7035473 
Car -1.00 -1 -1.5568626 595.8906860 179.1055145 616.8062744 197.9637451 1.4863801 1.6001372 3.6577320 -0.2268163 2.0152045 59.4851532 -1.5606756 0.6077368 
Car -1.00 -1 -1.6922326 665.6306152 180.3725128 733.0592041 234.5960999 1.4966979 1.5979199 3.5892885 2.9783893 1.8331413 23.9374142 -1.5684447 0.5378160 
Car -1.00 -1 1.9218880 340.9017334 183.4692841 383.2342224 205.6042175 1.4298848 1.6836627 4.0258870 -17.6716404 2.2476308 51.8152275 1.5932076 0.4225352 
