Car -1.00 -1 -1.8776993 740.0416870 182.7851410 990.0099487 351.2841187 1.4958978 1.6122515 3.6112101 2.7026734 1.6364006 8.4885807 -1.5694581 0.8921815 
Car -1.00 -1 1.7422596 429.4665222 182.5058899 520.8407593 252.1124878 1.4639035 1.6383832 3.7982435 -3.2275269 1.7535524 18.0911846 1.5657136 0.8683681 
Car -1.00 -1 3.5289504 108.1851807 191.1911163 353.0156250 276.1208191 1.4419773 1.5987276 3.7418470 -6.9594712 1.8030746 13.5637283 3.0548823 0.8046343 
Car -1.00 -1 -1.7315422 682.2326660 171.7452087 807.7730713 273.0307617 1.5666211 1.6476620 3.7775609 2.5404127 1.6418257 13.9789639 -1.5517730 0.8626435 
Car -1.00 -1 -2.2780851 911.1182251 202.7981110 2549.5458984 1045.4947510 1.3788218 1.6091739 4.1237979 2.9577758 1.6312690 3.1468503 -1.5236493 0.7415343 
Car -1.00 -1 -1.6499224 664.1409912 173.6607208 740.3126221 242.3703766 1.4891129 1.5729216 3.4855545 2.4488122 1.6077538 19.1366367 -1.5226495 0.7485501 
Car -1.00 -1 -2.6890770 195.0936890 170.1979980 408.6968079 254.9532471 1.7732131 1.6944633 4.0610743 -6.8491035 1.7561442 16.2454414 -3.0880656 0.6334053 
Car -1.00 -1 -1.6435390 640.8709717 174.5752716 699.4674683 226.3043060 1.4859571 1.6021008 3.5842946 2.1126039 1.6446009 25.0602226 -1.5594368 0.5747886 
Car -1.00 -1 -1.6177915 631.2384644 172.5787659 679.5299683 215.6226196 1.5712918 1.6106029 3.6721582 1.9564899 1.6341466 30.4394379 -1.5536050 0.4747227 
Car -1.00 -1 0.8538849 -851.9028931 202.0240173 134.7858124 515.1091919 1.5278577 1.6324440 4.3041415 -5.8192582 1.7749215 4.6380692 -0.0439898 0.3513972 
