Car -1.00 -1 -1.8922661 789.3401489 177.7937012 957.9493408 286.3808594 1.4657568 1.5661422 3.3641884 4.1496601 1.5827740 11.9031219 -1.5568217 0.8748086 
Car -1.00 -1 -1.3339412 337.4010925 159.0163422 499.1708679 280.4579163 1.7087010 1.6725152 4.0097637 -3.1170192 1.5000626 12.5085659 -1.5781581 0.8513232 
Car -1.00 -1 -1.0979434 -181.3222046 175.6052551 405.3282471 521.6947021 1.5083598 1.6294806 3.9333122 -2.8530371 1.6026883 5.2527895 -1.5955100 0.8131326 
Car -1.00 -1 -1.8012831 736.1796265 172.7860565 847.8196411 250.7400818 1.4723117 1.6369990 3.6551681 4.2403479 1.5662790 16.9796982 -1.5565581 0.7991869 
Car -1.00 -1 -1.6565015 663.1231079 166.7070618 699.2136230 196.5279388 1.5761772 1.6459737 3.7763550 4.0422821 1.2550350 40.9171028 -1.5580291 0.6968067 
Car -1.00 -1 -1.4262315 442.4488831 152.1193848 547.2640381 238.4070282 1.7633644 1.7607043 4.2911468 -2.8794732 1.3698270 18.5040817 -1.5806062 0.7176452 
Car -1.00 -1 -1.7014524 713.5258179 170.9679718 783.1612549 225.7192688 1.4809461 1.5941739 3.4528491 4.3374710 1.4809535 22.6786633 -1.5124768 0.6107530 
Car -1.00 -1 -1.5009104 518.5485840 165.6786652 569.4365234 209.3178558 1.5568042 1.6501311 3.7321982 -2.6381652 1.3396322 29.2355881 -1.5909048 0.5021125 
Car -1.00 -1 -1.6840651 688.0528564 170.9253235 746.7388916 216.3740997 1.4476299 1.5952460 3.8756671 4.1829801 1.4770246 27.8978920 -1.5352349 0.4519453 
Car -1.00 -1 1.9439435 263.5314026 171.9416351 340.7016296 210.4326019 1.4186878 1.5515958 3.8984354 -12.4383450 1.4342920 29.4132271 1.5438676 0.3495525 
Car -1.00 -1 -1.4987269 503.7293396 165.8815002 563.6381226 214.0563812 1.5366081 1.6488018 3.6816251 -2.7262378 1.3697802 25.9130878 -1.6035483 0.4170413 
