Car -1.00 -1 -2.0951402 801.1335449 183.3962097 1216.6076660 422.3298340 1.5856719 1.6111012 4.0145535 3.2370229 1.7102380 6.8224444 -1.6521270 0.8440129 
Car -1.00 -1 -1.8269328 707.7273560 189.5163116 855.1417236 289.0588074 1.4472703 1.6305665 3.6590052 2.9714665 1.7978993 13.0932522 -1.6037666 0.8544814 
Car -1.00 -1 2.3544908 -203.5360107 188.6586761 151.4233246 327.1213074 1.5111638 1.6282619 4.2386174 -9.1990128 1.8415824 10.8999109 1.6535178 0.7241794 
Car -1.00 -1 1.9886026 300.5005493 178.6795807 400.0118713 234.3976440 1.6690820 1.6606733 4.1054754 -8.7429495 1.9179479 24.7069645 1.6484880 0.7991152 
Car -1.00 -1 -1.7094287 684.7571411 179.9551697 769.7875366 251.7785492 1.5440118 1.5809516 3.4003048 3.0483861 1.8156585 18.8401184 -1.5490160 0.8112349 
Car -1.00 -1 1.8993309 379.6304626 183.6063843 449.9967346 224.4927063 1.4912214 1.6233791 3.9921625 -8.2822771 2.0301487 30.9612179 1.6379461 0.6827054 
Car -1.00 -1 1.8324020 417.8009644 183.5661926 470.7333374 217.5266571 1.5237194 1.6023737 3.9571352 -8.3593073 2.1347010 36.6417084 1.6081043 0.6386046 
Car -1.00 -1 -1.6631765 657.7926636 180.8495483 723.0882568 236.1104279 1.4882923 1.6036286 3.8717282 2.6130242 1.8273649 23.3541870 -1.5517532 0.6303481 
Car -1.00 -1 -1.6068793 646.6862793 178.5489960 683.1809692 212.3323975 1.5861604 1.6050373 3.7273016 2.8623722 1.9199531 37.3909149 -1.5304757 0.4797453 
Car -1.00 -1 -1.6189892 652.8858032 181.0269928 703.8886719 227.1419830 1.4842516 1.6168861 3.8709397 2.5691752 1.8568669 27.1297512 -1.5245712 0.3906931 
