Car -1.00 -1 -1.7988568 749.2249756 183.6546326 915.9708252 297.4741211 1.4333656 1.5647573 3.9409714 3.3952231 1.6640677 11.6120052 -1.5143970 0.8958549 
Car -1.00 -1 -2.0874678 854.7665405 183.3565674 1423.6180420 499.6387024 1.4596497 1.5919447 3.9155445 3.2726302 1.5972731 5.5163012 -1.5520149 0.8173115 
Car -1.00 -1 0.7843462 -453.7557678 191.1570282 269.7361450 442.9528809 1.4988599 1.5602880 3.6281953 -4.6328669 1.6569569 5.0013275 0.0371745 0.7274243 
Car -1.00 -1 0.6519474 -37.7944679 141.4130249 423.4172668 350.6131897 1.8378676 1.6610875 3.8260992 -4.3024092 1.6013822 7.5334220 0.1330419 0.7861083 
Car -1.00 -1 -1.6841086 714.2025757 177.6547089 805.6248779 255.4526672 1.4762158 1.5659876 3.5231211 3.5330827 1.6879694 17.0776367 -1.4801030 0.8282932 
Car -1.00 -1 0.5826396 150.3428345 165.6103516 493.5137024 287.3888855 1.5254350 1.6333722 4.0983334 -4.0775390 1.5327377 10.4341488 0.2100998 0.6814443 
Car -1.00 -1 -1.6895398 676.6994019 175.8986206 744.7842407 231.2218170 1.5218350 1.6037496 3.8107913 3.3691754 1.7148513 24.0737991 -1.5504910 0.7547562 
Car -1.00 -1 0.3951727 425.4867554 171.3965607 558.0775146 221.4685822 1.5900453 1.6437504 4.0168819 -4.0350032 1.5976036 25.0897293 0.2357152 0.6032015 
Car -1.00 -1 -1.6212328 662.6718750 177.8359528 700.0131226 210.8538666 1.4577225 1.5521747 3.5903640 3.6114135 1.7615010 36.2662849 -1.5219796 0.5788616 
Car -1.00 -1 -2.7874994 495.2503662 174.4028473 583.0997314 205.7047424 1.4613140 1.5700181 3.9462402 -3.4746971 1.5904872 36.2004738 -2.8831911 0.2712046 
Car -1.00 -1 0.2925747 483.0925598 171.9726105 571.2896118 208.3163910 1.5374920 1.6618108 4.3912554 -3.6770895 1.5710094 32.5972023 0.1802457 0.2459238 
