Car -1.00 -1 -1.2471024 182.3687286 186.5662689 430.0374756 355.4726257 1.4462010 1.5566192 3.4898238 -3.1799903 1.6376982 8.3286648 -1.6118325 0.8876265 
Car -1.00 -1 -1.9370078 767.5445557 197.1418610 944.3834839 299.2509766 1.4314315 1.5619754 3.6936409 4.0261774 1.8795363 12.4544601 -1.6243397 0.8849675 
Car -1.00 -1 2.1460620 17.4936523 168.1244202 162.1284180 229.5463562 1.4971641 1.5733646 4.0469503 -15.6922159 1.4592909 22.0237141 1.5269864 0.7646081 
Car -1.00 -1 -1.7518649 731.9317017 189.0946198 825.1538696 258.7782288 1.4246609 1.5636959 3.3890390 4.1470952 1.8979064 17.9046745 -1.5242577 0.7675328 
Car -1.00 -1 2.0232983 210.8800507 169.5094299 287.1093750 207.9846344 1.5204914 1.5221854 3.5067685 -15.8607635 1.4267884 31.9486389 1.5624982 0.5348260 
Car -1.00 -1 -0.6939385 -1665.0604248 180.9150848 226.4713593 1060.1020508 1.5209860 1.6939235 3.6892500 -3.5351975 1.7218748 2.7935696 -1.5959883 0.6342059 
Car -1.00 -1 -1.5276007 537.6143799 173.6311798 569.3181152 203.5741577 1.5679976 1.6374627 3.9851966 -3.2291093 1.6671340 41.8833923 -1.6045461 0.6604925 
Car -1.00 -1 -1.7075681 705.7713623 185.1301575 779.9418945 241.5115051 1.4167010 1.6047409 3.8085220 4.0607090 1.8755581 22.1831055 -1.5265185 0.6663476 
Car -1.00 -1 -1.4845632 508.7511292 178.7934875 553.3051758 214.1647949 1.4567332 1.6526706 3.6295342 -3.4819713 1.7514451 32.5527916 -1.5911219 0.6357748 
Car -1.00 -1 -1.6532707 664.9234619 183.8963623 699.8595581 212.3138885 1.4661942 1.6076747 3.6650701 4.1929564 2.1406039 41.5505142 -1.5526989 0.5483357 
