Car -1.00 -1 -1.9124589 752.0066528 185.3704529 1061.5427246 382.2859802 1.4477532 1.6020221 4.0597110 2.8387108 1.6566143 7.7906723 -1.5630374 0.8937883 
Car -1.00 -1 -1.7072997 690.5451660 182.8492126 810.4146729 281.2639771 1.4920396 1.5721532 3.8244667 2.5366123 1.7458964 13.5611687 -1.5223868 0.8847280 
Car -1.00 -1 1.8361819 388.7309875 192.1078491 499.3758545 261.1425171 1.4020016 1.5601116 3.8320618 -3.8609197 1.9130994 17.4732056 1.6187139 0.8526512 
Car -1.00 -1 -1.5506229 567.9321289 185.0417175 645.9083252 258.7374878 1.5413051 1.6315845 3.7610912 -0.0181300 1.8391192 17.2020092 -1.5516769 0.8598299 
Car -1.00 -1 0.1968816 186.5069580 193.7672424 270.1892395 224.8235474 1.5080671 1.7249604 3.6145813 -19.6052055 2.6274117 37.3562546 -0.2864221 0.6136848 
Car -1.00 -1 -1.6089133 667.3476562 182.8406982 726.8759155 240.7113800 1.4930394 1.5451326 3.9886642 2.6370714 1.8601319 21.9615154 -1.4894085 0.7635801 
Car -1.00 -1 1.6405848 551.5827637 180.8703003 588.5714722 213.4071045 1.5728482 1.6259879 3.7762072 -2.0377026 2.0598053 38.6738853 1.5879441 0.6021104 
Car -1.00 -1 -2.5597239 1089.0507812 196.8369293 4361.4819336 1893.5378418 1.5324433 1.6397496 3.9838798 3.2471759 1.7254740 1.9692253 -1.5340707 0.5570961 
Car -1.00 -1 0.1411764 301.7888489 188.1833496 377.4060364 216.1308899 1.5509887 1.6329057 3.7799878 -15.4987202 2.4505135 41.7182121 -0.2145308 0.4432914 
Car -1.00 -1 -1.5651410 658.0059814 181.2446899 706.7706299 227.4246979 1.5260341 1.5928378 4.0139699 2.7413964 1.8727337 26.7192993 -1.4628989 0.6120820 
Car -1.00 -1 -1.5481467 595.4254761 172.7800293 651.4696045 228.2199707 1.7830335 1.7213824 4.3705440 0.4922274 1.8322607 25.6431885 -1.5289538 0.3975263 
