Car -1.00 -1 2.1055130 101.4645157 200.2625732 256.2707520 272.2246094 1.5671216 1.6899054 4.2027059 -11.3759823 2.3961056 19.5122337 1.5776739 0.8253147 
Car -1.00 -1 2.0477691 1069.7476807 169.0030518 1355.8721924 295.6171265 1.5551507 1.6512952 4.0184431 8.9103022 1.5653567 10.6090012 2.7463593 0.7601060 
Car -1.00 -1 2.1009509 963.7173462 171.8442993 1160.5345459 263.7995605 1.5199566 1.5981371 3.8335500 8.9162121 1.6035550 14.0055075 2.6678638 0.7849721 
Car -1.00 -1 -1.3703709 470.7312012 192.0799255 560.3507080 254.7836304 1.4959657 1.6738085 3.6303360 -2.4272637 2.0172169 19.5627193 -1.4938160 0.8337840 
Car -1.00 -1 2.2115277 -55.1796150 208.5043488 115.4908600 281.3915710 1.5285542 1.5734503 3.5444627 -14.4876614 2.5192549 18.3459148 1.5431025 0.6130253 
Car -1.00 -1 -1.5561345 577.2463379 181.4428101 614.5370483 217.5470886 1.5843260 1.6655122 3.4612172 -0.6152290 2.0002764 33.7406731 -1.5743666 0.7366404 
Car -1.00 -1 1.9087228 277.9801941 202.7016296 334.0840149 235.1851959 1.4885256 1.5813208 3.4395435 -15.1514196 3.0230633 36.2195892 1.5125228 0.6495912 
Car -1.00 -1 -3.4864489 818.9116211 166.6916504 992.9407959 231.8873138 1.5909487 1.6361990 4.2160692 8.1105022 1.5343966 19.7793827 -3.0973103 0.5888688 
Car -1.00 -1 2.2775915 903.6643677 170.8094482 1074.2655029 245.8560028 1.4944404 1.5771344 3.8906105 8.8912811 1.5745084 16.7272587 2.7661550 0.5876036 
Car -1.00 -1 2.2933914 -196.9628906 216.2694550 70.6833038 318.4847107 1.5108564 1.6274401 3.6629303 -11.8216763 2.3637111 13.0244360 1.5563638 0.4565705 
Car -1.00 -1 1.9788795 214.7595062 205.7078094 291.5381775 243.5587158 1.4094292 1.5542547 4.0348549 -15.2626143 2.8884779 31.1283207 1.5230117 0.5056027 
