Car -1.00 -1 -1.9105826 726.1736450 180.7552643 956.4826660 327.6201477 1.4730117 1.5784712 3.7040195 2.7818871 1.6178194 9.5076971 -1.6259348 0.8737499 
Car -1.00 -1 -2.1975457 860.3973999 201.7328644 1680.4151611 622.4634399 1.4491329 1.5991195 3.6632979 3.1159499 1.6746222 4.5995188 -1.6021140 0.8104104 
Car -1.00 -1 3.7900726 -255.6576843 178.8227386 275.2871399 350.1600037 1.4813997 1.6345720 4.1542959 -5.9145088 1.6058892 7.3914924 3.1152232 0.8014491 
Car -1.00 -1 1.4608175 510.5368042 167.6063538 544.7990723 196.6218262 1.5758570 1.6205530 3.6812067 -4.8883071 1.3060685 42.6681213 1.3467491 0.5036754 
Car -1.00 -1 -2.7408018 240.2196198 171.9329071 419.7997131 233.8821411 1.5176135 1.6206081 3.9273965 -7.2194648 1.5486659 18.8637257 -3.1063206 0.4212927 
Car -1.00 -1 -2.8001908 334.2062988 170.8093109 445.1912842 220.0506897 1.5968789 1.6044909 3.4457800 -7.5219550 1.5824199 24.8065033 -3.0946038 0.3187816 
Car -1.00 -1 3.2740975 364.8634644 166.9349365 457.5848999 213.2222443 1.6473541 1.6373327 3.6003218 -7.3769774 1.5084312 27.0919380 3.0082486 0.3094835 
Car -1.00 -1 3.9735679 -745.5836182 202.2682800 33.7104912 450.4923401 1.4351599 1.5455471 3.4569738 -6.4199562 1.6980016 5.0914578 3.0732710 0.3081420 
Car -1.00 -1 -1.6833061 611.3110962 164.4778137 659.1736450 203.9278107 1.7340025 1.6631801 3.8231981 1.1785096 1.3744673 34.0303383 -1.6486888 0.3411468 
Car -1.00 -1 -2.5994848 118.4732971 171.2214813 366.2676392 261.8671265 1.5791489 1.6441256 4.1273379 -6.8357944 1.5938712 13.5755463 -3.0659583 0.3344938 
Car -1.00 -1 -2.7297938 315.2511597 170.4209290 440.7837830 221.5917664 1.5643538 1.5934275 3.4814253 -7.4680152 1.5354812 23.3854332 -3.0389023 0.2785036 
Car -1.00 -1 3.3809230 363.5612488 167.1430969 461.5384521 212.7388763 1.7091045 1.6201653 3.5671997 -7.5217767 1.5128673 27.7460155 3.1161919 0.2770960 
