Car -1.00 -1 -1.2943647 194.3719482 191.2416992 454.0328979 364.9371948 1.3543767 1.6235138 3.6753933 -2.8259258 1.5932737 8.0063934 -1.6336728 0.8716539 
Car -1.00 -1 -1.9402074 841.0142212 192.9404144 1139.9411621 358.8919983 1.3996203 1.6263509 4.2078757 4.2382741 1.7097533 8.8267193 -1.4925541 0.8567198 
Car -1.00 -1 2.0653612 179.6858826 169.3763733 286.9919128 215.9620209 1.5373080 1.7533360 4.3216100 -14.4390306 1.4818326 27.9416885 1.5883989 0.7513294 
Car -1.00 -1 -1.3852583 396.6529236 166.0910034 528.1401978 268.3518066 1.6897504 1.6689304 4.2614169 -2.9011564 1.6011636 14.8660040 -1.5779897 0.8197107 
Car -1.00 -1 -1.7521034 702.2451782 172.6005096 776.9283447 228.6947174 1.6705493 1.6398057 3.9821179 4.2356939 1.6931997 24.0789814 -1.5779765 0.7349416 
Car -1.00 -1 2.1317032 62.1057358 166.4904175 194.8306274 225.2123718 1.4918778 1.6136709 3.7205489 -14.7688522 1.4013563 22.3070526 1.5468889 0.6417137 
Car -1.00 -1 -0.4753041 1001.0375977 174.8256836 1179.7075195 248.5925751 1.6473488 1.6543822 3.9771483 12.3321953 1.7988272 18.7028179 0.1076343 0.5822794 
Car -1.00 -1 -1.4746470 489.1651917 175.7585449 561.0598145 233.4442291 1.4287325 1.5957574 3.8179412 -2.5354786 1.6134235 21.7797718 -1.5905397 0.7023852 
Car -1.00 -1 1.9532524 279.8143311 172.6580658 351.0406799 206.6714020 1.4677111 1.6428032 4.1955519 -13.7399864 1.5006545 34.0101967 1.5693059 0.5396370 
Car -1.00 -1 1.9424832 332.2871094 173.8083954 395.4291077 205.6792908 1.4491600 1.5158403 4.0317488 -11.9029799 1.5335677 35.1930618 1.6163416 0.4050565 
Car -1.00 -1 -2.5161690 1070.3229980 181.4617310 3142.2478027 1170.3481445 1.6039389 1.6231300 3.7705712 3.8229313 1.6818357 2.8284996 -1.5823636 0.4194676 
