Car -1.00 -1 3.6322862 -203.9664764 182.1921234 345.2246399 367.8344116 1.5401521 1.6590195 4.1520472 -4.9014072 1.6765549 6.9655023 3.0191021 0.7925193 
Car -1.00 -1 -1.9072831 740.4317627 141.1995697 1052.1250000 357.7309570 1.8383818 1.7602873 4.3628225 2.9586730 1.5568032 8.4981451 -1.5722528 0.8515971 
Car -1.00 -1 -1.7557402 687.3013916 178.6778259 766.9229126 236.6099091 1.4734052 1.5597128 3.7523932 3.3694103 1.6873906 21.1347141 -1.5976453 0.8175159 
Car -1.00 -1 -1.7443347 635.1259155 176.6765442 687.6797485 215.2509766 1.5398085 1.6004920 3.6597817 2.1648169 1.7161561 30.8794041 -1.6743437 0.7564887 
Car -1.00 -1 3.4149353 188.8892212 182.5442810 447.2589111 268.7932434 1.5053432 1.6755919 4.1606040 -5.3058610 1.7196790 13.5616932 3.0420043 0.7006575 
Car -1.00 -1 0.7361216 -972.7767944 206.9759369 141.8006592 552.5806274 1.4957395 1.6595147 4.1939902 -5.2239738 1.7657741 4.0324016 -0.1773024 0.4955043 
Car -1.00 -1 0.2424941 355.2310791 177.1551208 508.3131714 229.6704407 1.5185823 1.5800618 4.0220599 -5.4074206 1.7308751 22.2837238 0.0044333 0.4346068 
Car -1.00 -1 3.3004977 397.5900574 170.3403625 509.0497742 216.6019745 1.8006459 1.6503117 3.8056703 -6.2076187 1.7441948 28.9379082 3.0891850 0.4284329 
Car -1.00 -1 -1.6994463 617.3444214 174.5802612 661.9839478 209.5835266 1.5021460 1.6156484 3.9213550 1.4607784 1.6601025 35.8656235 -1.6587396 0.4092922 
Car -1.00 -1 -2.7456562 276.0151672 184.4531403 475.6558228 256.4375610 1.4727768 1.6455237 4.0689387 -5.2983599 1.8082871 16.5540447 -3.0554175 0.3676671 
Car -1.00 -1 3.4193644 287.0203247 179.8930359 475.9145813 244.0965729 1.4606473 1.6167700 3.9377687 -5.3480730 1.6783134 17.1536541 3.1171405 0.3494017 
