Car -1.00 -1 -1.8681445 731.3569336 167.2723846 938.6399536 309.4048767 1.5219783 1.5984360 3.7311010 2.9649394 1.5178373 10.1514845 -1.5839791 0.8931304 
Car -1.00 -1 -2.1544073 894.5680542 182.4476776 1814.3840332 692.5827026 1.4583156 1.5624465 3.5512435 2.9591312 1.5888239 3.8955436 -1.5047780 0.8090812 
Car -1.00 -1 2.2266098 -68.7960968 202.4292755 113.2336884 273.2606201 1.4161288 1.6031798 3.9419563 -14.6708641 2.2503996 18.3427429 1.5519795 0.7483567 
Car -1.00 -1 -1.7441939 674.9057007 168.0233002 770.1301270 238.9541626 1.5432165 1.6605256 3.7751811 2.8597343 1.4901604 18.6368866 -1.5919366 0.8518471 
Car -1.00 -1 2.1214765 149.2414246 193.3937073 242.1997223 231.6554718 1.4585834 1.5877324 4.1483908 -17.9740677 2.4084282 31.6456375 1.6049345 0.7302359 
Car -1.00 -1 -1.7072520 638.9349976 171.5329895 694.9594116 214.5061493 1.4796379 1.6101716 3.6374137 2.2343974 1.4834691 28.4555435 -1.6288904 0.6919206 
Car -1.00 -1 2.0323954 234.8611908 189.8071289 297.1510620 219.7855682 1.4487416 1.5077614 3.7536197 -18.2479324 2.3874001 38.5497627 1.5902857 0.6014658 
Car -1.00 -1 1.7732337 386.1844177 175.2828217 426.3584290 202.8059845 1.6063244 1.7013172 3.7793992 -12.9686823 1.8137779 46.3331947 1.5003173 0.4897109 
Car -1.00 -1 2.2155570 27.6343994 198.9158478 145.3428802 244.5745239 1.4240624 1.5821950 3.9220006 -18.9664497 2.4486330 26.4166431 1.5928699 0.4761951 
Car -1.00 -1 1.9354473 338.9691162 183.6696777 380.4421692 205.5034180 1.4127071 1.6563221 3.6484432 -17.8966427 2.2512280 51.9389610 1.6036174 0.4281556 
