Car -1.00 -1 -1.9980850 791.2442627 195.9354858 1322.2869873 535.5236816 1.4201530 1.5977166 3.8259964 2.5730655 1.6759567 5.3390207 -1.5489929 0.8371907 
Car -1.00 -1 2.2752456 -34.2652206 187.3938141 134.2620239 255.0746155 1.4294701 1.4523183 3.7439933 -14.4657288 1.8733704 18.9741135 1.6238601 0.7423950 
Car -1.00 -1 -1.7636206 723.2057495 186.0650635 896.1630859 311.2992859 1.3704108 1.5962927 3.9185798 2.7948692 1.6601477 10.7343102 -1.5089080 0.8703511 
Car -1.00 -1 -1.7308263 680.9785767 176.2782135 772.7405396 244.8527527 1.4533890 1.5573928 3.6743481 2.8138287 1.5742121 17.8718987 -1.5746639 0.8446983 
Car -1.00 -1 -1.5852935 575.0621338 168.0898895 638.8889160 228.3116150 1.5837379 1.6749665 3.5727580 -0.0837255 1.4774280 21.0681458 -1.5892675 0.8467563 
Car -1.00 -1 -1.6120070 644.3138428 170.5935211 685.4708862 209.4106598 1.4967619 1.5408112 3.7070653 2.3154724 1.4355898 30.6030331 -1.5364894 0.7334841 
Car -1.00 -1 1.9182813 308.2402954 179.0223236 364.0262756 207.3668518 1.3646827 1.5724702 3.9553564 -14.6386471 1.7530872 38.9188499 1.5585181 0.6748522 
Car -1.00 -1 -1.6606822 670.0232544 172.7099304 731.3901978 227.7269592 1.4996364 1.5035511 3.4946277 2.8710606 1.5588450 22.9461346 -1.5362073 0.7009338 
Car -1.00 -1 1.8303737 400.9209595 169.6262665 441.5500793 194.2260132 1.5499156 1.6524664 4.1891990 -12.7099791 1.3635526 49.0198097 1.5766778 0.6483924 
Car -1.00 -1 1.9230205 349.6242371 171.8233948 402.4465332 201.3586731 1.5385449 1.6815984 3.6976280 -13.6425381 1.5364282 42.2619820 1.6107718 0.5770614 
