Car -1.00 -1 -1.8856525 748.3805542 188.0432587 1022.8028564 370.6075134 1.4417411 1.6092134 3.7276969 2.7168567 1.6518841 7.9777079 -1.5574156 0.8874286 
Car -1.00 -1 3.8103336 -316.7756958 190.2371521 211.7256927 367.8992004 1.5633969 1.6252543 4.0151844 -6.6183500 1.7988397 7.5472746 3.0904176 0.7956527 
Car -1.00 -1 1.7041745 485.8218384 177.0764771 540.9604492 223.1478577 1.5360970 1.5907701 3.6165414 -3.4955561 1.7242428 26.8527660 1.5747275 0.8403607 
Car -1.00 -1 -1.7122997 686.8392334 177.0223541 807.5625000 276.0052795 1.4911767 1.5987324 3.6362994 2.5209775 1.6579885 13.7516336 -1.5309908 0.8592169 
Car -1.00 -1 -1.6696301 657.9210205 173.0289612 736.7340698 242.0959778 1.5390208 1.6088862 3.6750231 2.3747559 1.6463244 19.7615852 -1.5500333 0.8021132 
Car -1.00 -1 -2.7520667 243.2250519 179.6878204 430.6889954 241.6381531 1.4730812 1.6032960 4.0402040 -6.8575196 1.6742967 18.4961758 -3.1071091 0.5316917 
Car -1.00 -1 -1.6246807 632.0848389 174.6429138 677.3996582 216.2066498 1.5452386 1.6056238 3.7370369 1.9722546 1.7035844 31.3619385 -1.5618765 0.5159273 
Car -1.00 -1 -1.6341323 648.9144287 174.4259186 703.5993042 224.6138763 1.5315683 1.5662786 3.4067104 2.3179624 1.6511544 25.3626213 -1.5429926 0.4454047 
Car -1.00 -1 0.3731209 360.8697815 176.1626587 476.9758301 217.6865082 1.5641605 1.6443629 4.0080905 -7.5047684 1.7891900 28.7702122 0.1179549 0.2778947 
Car -1.00 -1 -2.7291952 266.6832275 176.4269562 446.8630066 237.2961121 1.5792778 1.6685375 3.9689362 -6.8389292 1.7123222 19.8504086 -3.0609827 0.3090440 
