Car -1.00 -1 -2.0210487 847.0242920 188.4268951 1121.7338867 348.3197632 1.4567329 1.5518491 3.4348562 4.1879034 1.6989529 8.7496405 -1.5746369 0.8695880 
Car -1.00 -1 2.2007026 -27.1671066 178.3533936 134.6062927 241.7902527 1.4167145 1.4369167 3.9226232 -14.7255335 1.6300735 19.3858452 1.5510843 0.7051499 
Car -1.00 -1 -1.8566781 766.1369019 179.6879578 917.1767578 279.2150574 1.4369411 1.5962884 3.5474300 4.1541920 1.6421412 13.2602129 -1.5530806 0.8229230 
Car -1.00 -1 -1.2733836 223.4082489 155.9275665 460.5151367 331.0505066 1.8014474 1.7076972 3.9083211 -3.1682098 1.5821686 9.4080677 -1.5982101 0.8169767 
Car -1.00 -1 2.1346878 129.0295105 171.5666809 247.9220886 222.0303040 1.4496223 1.5878029 3.8842707 -14.1549883 1.4782115 24.5057831 1.6108880 0.7312581 
Car -1.00 -1 -1.3885377 400.8057251 150.0578156 533.4746094 257.4819031 1.8051841 1.7940751 4.4515615 -3.0274072 1.4548686 15.8490009 -1.5772797 0.7493674 
Car -1.00 -1 -1.7160454 728.0195312 175.0070801 817.5923462 244.2928009 1.4705845 1.6018631 3.6608727 4.1761417 1.6070016 18.6427078 -1.4956740 0.7648819 
Car -1.00 -1 -1.6627218 665.8906250 170.4566956 704.7981567 203.1897430 1.5721519 1.6394362 3.7509632 3.8440177 1.4629240 36.9689217 -1.5591145 0.6936661 
Car -1.00 -1 -0.7054335 -1957.5432129 174.2000122 247.6651917 1226.0565186 1.5289333 1.7125915 3.9002006 -3.2042022 1.7169958 2.4240119 -1.6285751 0.5840059 
Car -1.00 -1 -1.4938411 510.7440491 169.1555634 564.2185059 214.2003937 1.5505507 1.6748016 3.7188292 -2.7981758 1.4766765 28.2449589 -1.5925870 0.5988844 
Car -1.00 -1 -1.5000193 483.0621948 170.9907379 551.4511719 226.1675262 1.4902413 1.6308219 3.6390979 -2.9405744 1.5393354 22.8895607 -1.6277874 0.5176192 
Car -1.00 -1 -1.6868811 695.6895142 175.1168518 765.3095093 227.7405548 1.4602370 1.6006564 3.7467930 4.0766211 1.6373742 24.2777786 -1.5205173 0.3458227 
