Car -1.00 -1 -1.8633962 745.4838257 185.5533142 968.3623657 333.6952820 1.4418839 1.6052432 3.7698715 2.9542055 1.6584179 9.5164185 -1.5623960 0.8968598 
Car -1.00 -1 -1.5906766 573.7634888 168.9972839 641.7893066 233.3695221 1.6030188 1.6960555 3.5671356 -0.0591978 1.5345191 20.2177010 -1.5936046 0.8590328 
Car -1.00 -1 1.9777126 228.5828247 179.5280609 308.2263184 217.6713562 1.4136245 1.5506516 4.0122375 -14.2762451 1.7460998 30.4888268 1.5397900 0.7907081 
Car -1.00 -1 2.1583569 9.2019491 185.4432678 161.3155060 246.1618195 1.4163163 1.5925221 3.9907224 -14.7503252 1.8451685 20.6216526 1.5374471 0.7413607 
Car -1.00 -1 1.8831837 367.1036377 171.1081543 419.2776794 199.5169373 1.5035024 1.6820068 4.2337685 -12.4316511 1.4393086 41.8067818 1.5941510 0.7314662 
Car -1.00 -1 -1.7252502 705.7653809 175.3642426 815.4464722 266.5810547 1.5066118 1.5476077 3.3683891 3.0245113 1.6410779 14.7124634 -1.5225000 0.8046620 
Car -1.00 -1 -1.6809024 659.3419189 173.4667358 721.2715454 226.0302124 1.5269810 1.5600505 3.7065680 2.5248067 1.5728053 23.1800919 -1.5724088 0.7781175 
Car -1.00 -1 1.9564634 295.4365845 172.5415802 361.3564453 208.8298340 1.5743746 1.6791846 3.7712672 -13.7723913 1.6211029 35.5076447 1.5864564 0.6841826 
Car -1.00 -1 -1.6110758 642.0764160 171.0989990 679.5568848 205.0230713 1.4976838 1.5740811 3.8281078 2.4989953 1.4529545 35.4651833 -1.5407287 0.5768931 
Car -1.00 -1 -2.5900758 994.4902344 244.8976746 3627.0112305 1691.1954346 1.3535618 1.5725825 3.8410616 2.6219697 1.6390064 1.9473469 -1.6580946 0.3183988 
