Car -1.00 -1 1.7488869 406.4124146 177.1905518 510.5580139 262.9913025 1.6131269 1.5481710 3.7684324 -3.1943758 1.7487406 15.9127636 1.5507771 0.8863627 
Car -1.00 -1 2.6037408 742.7584839 174.3304749 1017.4554443 276.7438049 1.4984751 1.5935802 4.1614637 4.5174360 1.6056618 12.1687498 2.9592044 0.7259806 
Car -1.00 -1 2.7266613 690.8277588 152.0918732 940.5110474 253.9052887 1.7876647 1.6750308 4.2160907 4.1097569 1.5037719 14.4628143 3.0035236 0.6919031 
Car -1.00 -1 -2.7901353 1068.9039307 145.2527924 2578.7292480 907.4862671 1.6102989 1.6190712 4.1931410 3.3675570 1.5683611 2.4500732 -1.8483180 0.3286331 
Car -1.00 -1 1.7036344 487.9798889 170.7066803 548.9091187 226.3890381 1.7692217 1.6227301 3.9826586 -3.2366679 1.7606609 26.1306152 1.5803971 0.6772404 
Car -1.00 -1 1.6466237 520.9871216 174.8600922 565.7158203 214.9742889 1.5628932 1.5697386 3.9614677 -3.0088141 1.7376768 32.8926163 1.5554037 0.5462113 
Car -1.00 -1 2.8755478 669.0802612 170.1172791 780.3235474 211.8934631 1.5488244 1.6751432 4.1385179 4.5767183 1.5406178 28.8833046 3.0326967 0.4310019 
Car -1.00 -1 2.3987866 -1124.0247803 124.4978409 299.0345459 786.4852905 1.8209748 1.6560884 4.2889447 -3.5219123 1.6269181 3.3465550 1.5878632 0.3628285 
Car -1.00 -1 2.8961126 641.3031616 170.8305206 728.5880127 206.2007599 1.5947703 1.7023268 4.1067157 3.5866072 1.5794182 34.4945869 2.9997163 0.3495489 
Car -1.00 -1 1.7834321 545.1392822 177.0140381 582.7152710 204.1754761 1.4588840 1.5515500 3.6880245 -2.6748528 1.7604131 42.8320770 1.7210634 0.3551147 
