Car -1.00 -1 -1.2614603 264.1995239 180.2694397 483.1893616 329.5268860 1.5344751 1.6324145 3.6616604 -2.7832551 1.6500380 9.4801207 -1.5470247 0.8875036 
Car -1.00 -1 -1.8276083 746.8374023 180.6656647 855.7848511 254.5402832 1.5048044 1.6232440 3.3876357 4.3439908 1.7131538 16.8029747 -1.5746223 0.8528903 
Car -1.00 -1 2.0605987 174.8220367 185.0781555 271.4086609 227.4653320 1.4404867 1.5376093 4.1123610 -14.7953606 1.9644039 27.9032784 1.5730548 0.7312656 
Car -1.00 -1 -1.4488766 429.3605652 163.2079010 526.8245239 256.8655396 1.6872929 1.7036971 3.8719480 -2.8922970 1.5917988 16.2668190 -1.6248411 0.7222936 
Car -1.00 -1 -1.4095619 480.6514282 162.1687012 565.3256226 229.3499451 1.7692312 1.7611109 4.1986055 -2.6751482 1.5461618 22.6791515 -1.5269756 0.6996061 
Car -1.00 -1 -1.7614225 712.8157349 178.0580292 794.3540649 236.6683960 1.4524987 1.6285368 3.5614328 4.3226876 1.6958295 21.7389374 -1.5651374 0.6812482 
Car -1.00 -1 -1.6385358 661.7282104 172.1831665 694.0385742 199.6530762 1.5376813 1.6468151 3.8181221 4.1378112 1.5295540 43.8405228 -1.5444313 0.5919836 
Car -1.00 -1 -1.6711326 682.5773926 177.6246643 730.3934326 214.5685730 1.4269836 1.6088153 3.8622775 4.3898339 1.7110204 32.6928368 -1.5376558 0.5926891 
Car -1.00 -1 1.9995955 256.0161438 178.9594727 334.0830688 217.1558838 1.4937539 1.6181742 3.9618888 -14.0644970 1.8417333 32.6332741 1.5926653 0.4058431 
Car -1.00 -1 -1.4913343 536.2820435 172.4365997 579.4506836 210.5962524 1.5818640 1.6396185 3.6960914 -2.3887239 1.6305292 33.7282944 -1.5620388 0.4835516 
