Car -1.00 -1 -2.0205824 845.5731201 198.9596252 1136.6604004 364.6505127 1.3971170 1.5633731 3.5062380 4.0640850 1.7364547 8.3531408 -1.5677657 0.8493007 
Car -1.00 -1 -1.8383557 756.6185303 182.7764282 906.7703857 282.9038086 1.4692539 1.6139913 3.6848550 4.0302625 1.7326749 13.4764957 -1.5477628 0.8469475 
Car -1.00 -1 -0.9549624 -275.4012451 142.4434204 372.1035767 493.4587708 1.7839417 1.7404715 4.1278558 -3.6636648 1.6460314 5.6256652 -1.5322096 0.7169823 
Car -1.00 -1 -1.2896863 304.8990173 149.9035339 505.9974670 295.8334656 1.9446565 1.8203460 4.7407198 -3.2401302 1.6331546 12.2800856 -1.5476594 0.7330327 
Car -1.00 -1 -1.4546166 486.4604187 173.6297913 555.6625366 228.4792175 1.6038404 1.6877762 3.9082572 -2.9380119 1.6992365 24.2297935 -1.5752836 0.6993643 
Car -1.00 -1 -1.7007326 670.3370361 176.9991913 717.3916626 214.2765198 1.6412584 1.6695088 3.9060464 3.8885179 1.8396557 33.6877213 -1.5858128 0.6828555 
Car -1.00 -1 -2.2700934 1061.8127441 211.8793182 2316.1425781 852.2200928 1.4651777 1.5979748 3.3956692 3.9748507 1.7096116 3.6941159 -1.4481050 0.5947847 
Car -1.00 -1 -1.4526996 450.7713928 180.7064056 537.6731567 250.4838409 1.4277896 1.5954370 3.6544363 -2.9257610 1.7280148 18.4350052 -1.6100937 0.6652713 
Car -1.00 -1 -1.6826994 718.1343994 182.5289917 808.0663452 250.7945862 1.4295464 1.6321968 4.0104151 3.9734249 1.7785640 19.0438843 -1.4770046 0.4547795 
Car -1.00 -1 -1.5220866 518.4871216 178.1956329 564.8158569 217.6173248 1.4687610 1.5924157 3.6518164 -2.8205993 1.7353951 30.1231766 -1.6154499 0.3939107 
