Car -1.00 -1 -1.2735238 93.5062561 191.7927551 279.3270264 300.7569885 1.4664924 1.7090155 3.9977348 -7.0881524 1.8637320 12.5813475 -1.7865859 0.8661630 
Car -1.00 -1 2.0459713 732.3313599 177.7672272 880.6618652 245.0594635 1.5073406 1.6773516 4.2596698 4.9989190 1.6599900 17.9030190 2.3182585 0.7716870 
Car -1.00 -1 -1.6279519 322.1623230 181.3158875 383.0366821 234.5506592 1.5596681 1.7062210 3.6959729 -8.2791195 1.8462206 23.0952950 -1.9721581 0.8478021 
Car -1.00 -1 1.4524187 951.9221802 173.8658142 1079.7225342 264.5915833 1.5501002 1.6557311 3.7471492 7.9472346 1.6231319 14.2855730 1.9600950 0.7680387 
Car -1.00 -1 1.9641375 -18.5623531 197.1335907 75.7203674 246.1055908 1.5283369 1.7223477 3.8942785 -22.1364422 2.5846369 27.6423244 1.2888986 0.6958264 
Car -1.00 -1 2.0839195 675.8087158 174.9252014 789.2691650 235.9976807 1.5648141 1.5792160 3.7507343 3.8964250 1.7442845 21.9507046 2.2595975 0.6243151 
Car -1.00 -1 2.1933378 589.7591553 174.7243195 690.8085327 225.8801727 1.6303152 1.5864811 3.8819528 1.2718635 1.8320457 27.0447044 2.2403314 0.5541050 
Car -1.00 -1 2.0479228 1065.8737793 179.1190491 1188.5865479 230.2483521 1.4675529 1.6949518 4.1609397 16.8911400 1.7403896 23.4065533 2.6730261 0.5125607 
Car -1.00 -1 2.0326539 638.8539429 177.3869019 742.8397217 229.5096283 1.5101706 1.5746253 3.9075847 2.9023402 1.7545781 24.4857464 2.1506352 0.5427308 
Car -1.00 -1 2.1880894 562.0303345 177.6405029 654.0785522 218.8616943 1.5359279 1.6434383 4.0308986 0.0242625 1.8269712 29.7572880 2.1889048 0.3310259 
