Car -1.00 -1 -1.9695441 810.3720093 188.8935242 1258.2747803 452.4933777 1.4550794 1.6478963 4.3054867 3.1632121 1.6626853 6.3994112 -1.5104690 0.8387857 
Car -1.00 -1 -1.8262648 717.7444458 181.5291138 894.2810669 299.6846008 1.4597754 1.6350570 4.1068263 3.0882969 1.7003721 11.9232216 -1.5728194 0.8618150 
Car -1.00 -1 2.1680516 -37.7070999 199.3411713 129.0394745 256.8021240 1.3728367 1.5120331 4.5380106 -16.3812160 2.2289183 21.2938499 1.5123167 0.6745586 
Car -1.00 -1 -1.7364493 682.1315918 180.6825256 771.9078979 248.7989197 1.4963377 1.6334406 3.6694584 3.0587335 1.7805576 19.2083912 -1.5785357 0.7928876 
Car -1.00 -1 2.0624478 104.3205795 191.5507965 204.8724823 239.0848694 1.4913057 1.5177760 3.8472273 -16.8010845 2.2574379 26.8741417 1.5037215 0.7054457 
Car -1.00 -1 1.9757876 184.4889221 189.4583435 259.8371277 227.4611053 1.4690446 1.6036220 3.8295603 -17.3910542 2.2869040 32.5635300 1.4852605 0.6790620 
Car -1.00 -1 1.9436117 258.8846436 188.4505768 317.7809753 218.5886688 1.4245442 1.6109731 3.8853164 -16.7559986 2.2866035 37.8571281 1.5269190 0.6253647 
Car -1.00 -1 -1.5636211 596.4711304 180.3318634 616.8549805 198.6137543 1.4735820 1.5982294 3.6436183 -0.2130270 2.1185331 60.7289047 -1.5671289 0.6192478 
Car -1.00 -1 1.9280960 353.2777100 186.6058502 392.4174805 207.3724365 1.4257201 1.6434841 3.8863583 -17.6747208 2.5006182 54.1819267 1.6127695 0.3811999 
Car -1.00 -1 -1.6447204 661.4692383 181.2529907 718.5139160 231.0346527 1.5247954 1.6048656 3.7367091 2.9983785 1.9413493 26.7536869 -1.5331126 0.4324812 
