Car -1.00 -1 -1.9299318 775.1221313 188.0119171 1149.4609375 423.0685120 1.4558550 1.6087193 4.0514064 2.8583970 1.6502211 6.8602118 -1.5351437 0.8714468 
Car -1.00 -1 1.8742135 338.0582581 194.5452728 477.5035400 280.1389160 1.4097102 1.5898130 3.8894958 -3.9172442 1.9055400 14.7504692 1.6146376 0.8823323 
Car -1.00 -1 -1.7321368 696.7163696 183.0439301 832.4352417 291.0788269 1.4914286 1.5903673 3.7412891 2.5713651 1.7364894 12.5868196 -1.5306194 0.8954838 
Car -1.00 -1 -1.5445596 570.5446167 185.3660431 648.3902588 257.9909668 1.5330848 1.6368434 3.7603266 0.0479006 1.8424785 17.4421692 -1.5418134 0.8706554 
Car -1.00 -1 -1.6174584 673.9036255 183.6162262 735.2921753 244.0457916 1.5119518 1.5335685 4.0150862 2.7033391 1.8682950 21.0235596 -1.4895740 0.7549284 
Car -1.00 -1 0.1258891 296.3407593 188.7179565 373.9838562 217.7635498 1.5465440 1.6689744 3.6869383 -15.4032879 2.4805501 40.9077263 -0.2342287 0.4918795 
Car -1.00 -1 0.2157371 176.7197266 194.5749054 263.4980469 226.7050629 1.5133224 1.7221632 3.6051509 -19.4623356 2.6375093 36.3031616 -0.2763762 0.5379810 
Car -1.00 -1 1.6844195 546.2789917 182.1394043 587.4949951 216.1522827 1.5412853 1.5951176 3.7966387 -2.0540781 2.0590148 36.2627563 1.6278356 0.5815135 
Car -1.00 -1 -1.5634372 658.8717651 182.0160828 710.5949097 231.1548157 1.5132415 1.5835798 4.1058354 2.7662773 1.9037406 25.8366451 -1.4567755 0.5818419 
Car -1.00 -1 2.7567540 411.0534668 184.5943451 483.4672852 211.9348145 1.5210203 1.5187151 4.1315160 -9.3621655 2.2389805 41.7683334 2.5362535 0.2183028 
Car -1.00 -1 -1.5464906 600.3473511 173.5426178 654.4989624 227.0954285 1.7712209 1.7272809 4.3822284 0.6538804 1.8498546 26.4765797 -1.5217991 0.4027741 
Car -1.00 -1 0.5485291 24.9751606 197.8602753 124.4539795 231.5272522 1.5818585 1.8005918 3.3674698 -27.0549049 2.8996198 36.7476425 -0.0861041 0.2330338 
