Car -1.00 -1 -1.9343761 773.7384644 173.8886414 996.5017090 303.9337463 1.6104349 1.6703891 4.0339265 3.9436803 1.6565717 11.1376038 -1.5940650 0.8555431 
Car -1.00 -1 -1.2291275 158.8933563 194.9479370 469.6561279 390.9847412 1.4396608 1.6287345 3.9345431 -2.6584435 1.6982056 7.5564947 -1.5674131 0.8609447 
Car -1.00 -1 2.1331652 125.5017700 183.3621063 278.8602295 247.5104980 1.4448124 1.6335280 4.0212674 -11.0704212 1.8514728 20.0277252 1.6282095 0.7817845 
Car -1.00 -1 2.0824797 64.5157394 182.2400818 187.6008148 235.9812927 1.4349605 1.6177473 4.0114040 -16.0908184 1.8819478 24.4349136 1.5001401 0.7252918 
Car -1.00 -1 -1.3938939 389.9931946 186.9178162 510.5805359 275.5527344 1.4008056 1.5564737 3.5560117 -3.0565801 1.7500100 14.1838112 -1.6061459 0.8069447 
Car -1.00 -1 -1.4401976 442.0971375 171.9922333 534.9204712 248.6552582 1.7320024 1.7216424 4.1426182 -3.1465881 1.7730054 19.1271000 -1.6032466 0.7502451 
Car -1.00 -1 -1.6736492 669.8854370 185.3876190 708.5233154 214.2202606 1.4195890 1.5874631 3.7904098 4.1565881 2.0815935 37.9115982 -1.5644464 0.5644516 
Car -1.00 -1 -1.4810770 504.8876953 177.6229553 561.5045166 226.4962006 1.5524515 1.6073178 3.7388771 -2.7459056 1.7913949 26.1654720 -1.5856382 0.5893124 
Car -1.00 -1 -1.5333463 558.4654541 179.4107056 581.9869385 200.3065186 1.4901122 1.6021830 3.5712738 -3.0112739 2.0292382 55.3871307 -1.5876606 0.4058762 
Car -1.00 -1 -0.8367331 1085.9294434 189.5981903 1344.8458252 276.5686340 1.4498945 1.6820018 4.0202317 12.1343517 1.8592449 14.6040010 -0.1434371 0.2799406 
Car -1.00 -1 1.8610339 388.9969177 174.0364990 444.2785645 208.9190216 1.6150814 1.5273000 3.5611215 -9.1089115 1.6680890 34.3330421 1.6016982 0.2239894 
