Car -1.00 -1 -1.8103365 729.7871094 181.0280609 899.8424072 292.2868652 1.4212683 1.6087567 4.0541897 3.1120806 1.6064299 11.6595325 -1.5495042 0.8963614 
Car -1.00 -1 -2.4562199 -195.1163483 187.7570953 241.8152771 333.8209229 1.5903883 1.6677068 4.1351194 -7.1505256 1.8331194 9.0836239 -3.1231000 0.8406820 
Car -1.00 -1 -1.7253795 690.4689941 172.2880402 784.9083862 246.1877747 1.4608928 1.5488107 3.6262321 3.1135769 1.5408002 17.6919727 -1.5511752 0.7868440 
Car -1.00 -1 -2.7213558 251.7798004 185.2194672 421.5701294 243.6928558 1.4896532 1.6555177 3.9370952 -7.4140320 1.8691545 19.8362904 -3.0790398 0.6644071 
Car -1.00 -1 -1.5864018 603.0579834 171.7052002 637.3609619 203.9555511 1.5417790 1.6657615 3.7031405 0.5238291 1.5026969 36.8141212 -1.5721737 0.6852741 
Car -1.00 -1 -2.5664170 153.1892395 189.3629303 352.7979431 264.4124146 1.5085447 1.6408393 3.5168288 -7.5646243 1.8964784 15.4670086 -3.0212915 0.5005548 
Car -1.00 -1 -2.8834148 410.3872986 174.0057678 505.9166260 211.9109650 1.6265385 1.5995817 3.8523746 -6.8776112 1.7171892 33.0481567 -3.0885949 0.4226504 
Car -1.00 -1 -2.7012575 355.1538391 177.8361511 477.1878967 223.4890137 1.5516245 1.6392325 4.1644454 -7.1430326 1.7795959 26.7738304 -2.9619765 0.4473279 
Car -1.00 -1 -2.4567302 982.6113892 145.7748871 3292.4277344 1263.9841309 1.5813431 1.5977018 3.5923438 3.1737280 1.5344891 2.4924719 -1.5516748 0.3694543 
Car -1.00 -1 -2.4243342 37.7744217 193.5694275 303.3457031 287.5085144 1.4808189 1.6312715 3.8358986 -7.4641123 1.8709311 12.3815746 -2.9668396 0.3732589 
