Car -1.00 -1 -2.1500043 834.6898193 190.8760529 1787.7984619 716.6901245 1.4940249 1.6177924 3.9695001 2.6778009 1.6517376 4.0128675 -1.5615609 0.8227834 
Car -1.00 -1 1.8824305 251.6942902 192.4452820 461.5599976 323.0224915 1.4948131 1.6714951 4.4442959 -3.6193769 1.8861228 11.3126020 1.5727801 0.8831349 
Car -1.00 -1 -1.7112793 668.4327393 177.1230621 739.8171387 234.1673889 1.5603695 1.6241016 3.8833134 2.8080215 1.7126683 22.1117535 -1.5849632 0.8586781 
Car -1.00 -1 1.7716889 390.8189087 177.8657837 504.1637573 265.0586548 1.6318030 1.6835868 3.9509044 -3.6894476 1.8497151 16.7975330 1.5554799 0.8107537 
Car -1.00 -1 -1.6094050 645.8768311 178.4903412 687.5616455 217.4624329 1.5467025 1.6162865 3.7476766 2.6003232 1.8647926 32.8615036 -1.5304397 0.6795557 
Car -1.00 -1 1.7085816 450.5710754 185.9012299 525.6430664 245.2624054 1.4412227 1.6152214 3.7542880 -3.6524239 1.9449764 21.9469547 1.5436724 0.6801517 
Car -1.00 -1 1.6498874 536.1949463 183.5362854 566.2037354 209.1696167 1.5122799 1.5986698 3.7643557 -3.7395246 2.2374890 46.6172905 1.5698413 0.5810852 
Car -1.00 -1 1.6684544 485.9097900 186.8199768 541.1638184 231.4079132 1.4253148 1.6197916 3.8007603 -3.6803625 2.0475524 27.8853359 1.5372308 0.5735033 
Car -1.00 -1 1.6594578 487.7972107 187.5133667 537.8688354 229.9453583 1.4538537 1.6315302 3.8109066 -3.7030921 2.0990252 28.2843418 1.5292745 0.3427536 
Car -1.00 -1 1.6601728 504.4791260 183.6182251 549.4451294 220.7725677 1.4502341 1.5914010 3.7750528 -3.7499239 2.0115036 32.8333931 1.5464549 0.3124826 
