Car -1.00 -1 -1.8907775 770.1428833 187.6739044 1106.5866699 414.7175293 1.4561837 1.6067449 3.7496090 2.6952143 1.6435694 6.8435173 -1.5155973 0.8784185 
Car -1.00 -1 -1.7536688 692.9635620 177.4281311 829.9967651 284.5737915 1.4920263 1.5849721 3.5806479 2.5402594 1.6469599 12.6529589 -1.5555387 0.8704175 
Car -1.00 -1 1.7109621 478.3094177 177.1622162 538.7482300 226.6807251 1.5251063 1.6198375 3.6454232 -3.4244337 1.7085317 25.0887108 1.5753074 0.8350433 
Car -1.00 -1 3.8721861 -467.6529541 195.0797119 159.0480652 398.0017395 1.5049319 1.5826185 3.7167549 -6.3997722 1.7485664 6.3880000 3.0858674 0.7666158 
Car -1.00 -1 -1.6712811 660.5614624 172.5825958 745.4119873 247.2902679 1.5319128 1.5909145 3.6536269 2.3597796 1.6371573 18.4119072 -1.5438101 0.7549360 
Car -1.00 -1 -2.7600587 225.9734650 181.1179047 416.5237427 246.5162964 1.4627732 1.5934690 3.9471347 -6.9238100 1.7001385 17.6494141 -3.1339068 0.5697091 
Car -1.00 -1 -1.6469836 651.1166992 174.2470093 709.7760010 227.0526428 1.5117453 1.5708197 3.4092042 2.3180299 1.6208038 23.8975220 -1.5502874 0.5748063 
Car -1.00 -1 -1.6439234 632.3568726 173.9244537 682.6115723 218.0099182 1.5081680 1.6125854 3.7039273 1.9791733 1.6536750 29.6194458 -1.5772026 0.5571014 
Car -1.00 -1 0.3645705 358.9247742 178.7835083 474.1130066 219.7148743 1.5042850 1.5990872 3.9054170 -7.3760924 1.7887152 27.8492928 0.1056580 0.3843008 
Car -1.00 -1 0.6473785 -73.3121643 181.3631897 338.7395630 324.6075134 1.5270463 1.5964389 4.0016527 -5.8086596 1.7193512 8.9598265 0.0721990 0.4502283 
Car -1.00 -1 -2.7389735 277.7736816 171.6917725 438.4509277 233.2470093 1.6756725 1.6460987 3.8571610 -7.1183228 1.6678578 20.6489182 -3.0709467 0.3716684 
