Car -1.00 -1 -2.1366244 855.8506470 173.8846283 1574.1843262 566.9034424 1.5565850 1.6331304 3.9525371 3.1062627 1.6295624 4.7460575 -1.5570970 0.8207918 
Car -1.00 -1 -1.8384034 729.7401123 179.1958618 929.0380859 320.5565796 1.5256765 1.5996375 3.7953215 2.9104009 1.6824226 10.2138195 -1.5608130 0.8721867 
Car -1.00 -1 0.7649430 -445.3315735 178.4999084 290.6548462 423.1749573 1.5757383 1.6408318 4.2045765 -5.0021815 1.6593175 5.5598102 0.0322917 0.7625660 
Car -1.00 -1 -1.6425332 670.0587158 179.2834778 742.0441895 243.2884064 1.4699899 1.5723257 3.8274956 2.7088513 1.7459258 20.5141315 -1.5112447 0.7884294 
Car -1.00 -1 -1.7475449 701.1914062 178.9356384 805.0476074 261.8805542 1.4972738 1.5256275 3.3788018 3.1783552 1.7253050 16.1480045 -1.5532026 0.7711141 
Car -1.00 -1 -2.5508333 76.8792343 178.5489960 453.2128601 311.9844055 1.5075049 1.6243408 4.1425667 -4.4205604 1.6518360 9.4259729 -2.9893556 0.6504382 
Car -1.00 -1 -1.6499997 660.2185669 172.3984985 708.8317261 220.0002441 1.7817844 1.5875552 3.6951711 3.0260556 1.7818010 29.5256538 -1.5478673 0.5714543 
Car -1.00 -1 -2.7675945 331.1504822 171.6683197 519.7665405 251.2275696 1.7541661 1.6689774 3.7736619 -4.2488189 1.7763170 16.9287815 -3.0134971 0.5299251 
Car -1.00 -1 -1.6264014 645.5147705 176.4233551 681.4913330 208.5398712 1.4840372 1.6137367 3.9496868 2.8877044 1.7516217 38.7585602 -1.5520339 0.4325260 
Car -1.00 -1 -2.9264771 490.1696167 172.4753571 563.8730469 203.8346100 1.6991522 1.5966727 3.6565320 -4.5931206 1.7004244 40.5326576 -3.0393147 0.3534389 
Car -1.00 -1 -2.7148715 261.1750183 183.6048737 477.5690918 264.9825134 1.5119518 1.6598846 3.6801109 -4.6298618 1.7752034 14.1583605 -3.0309162 0.3650649 
